,row,prompt,task_id,occupation,task_description,can_be_performed_remotely,feasiblity_practical,chain_of_thought,tools.Coding,tools.Spreadsheets,tools.Text editor,tools.PDF viewer,tools.Presentation software,tools.Web Browser,tools.Image Generator,tools.Other.name,tools.Other.classification,materials.Text,materials.Data,materials.Images,materials.Audio files,materials.Video files,materials.Virtual labs or sandbox environments,materials.Other.name,materials.Other.classification,required_tools,required_materials,required_tools_standard,required_materials_standard
0,0,"
Task ID: 12865.0

Your assignment is to determine if it is possible to design a meaningful, **practical** exam for this task that can be performed remotely and to identify the required tools and materials for the evaluation. 

**Definitions:**
- **Tools:** Software or applications (e.g., coding languages, code editor, spreadsheets, text editor, presentation software, image generator), that the candidate needs to use to complete the test.
- **Materials:** Digital content (e.g., data files, PDFs, images, audio files, virtual lab environments) that form part of the test content.
- **Practical exam:** A practical exam is a an exam actually testing whether the described task can be performed successfully. An exam testing the knowledge about the task is NOT a practical exam.

**Instructions:**
1. **Remote Feasibility:**  
   Evaluate whether the task can be performed online/remotely or if it requires in-person presence.
   - **If in-person required:** Output `""can_be_performed_remotely"": false` and set all other fields (tools and materials) to `""NA""`.
   - **If remote:** Output `""can_be_performed_remotely"": true` and continue with the evaluation.

2. **Tools Required:**  
   For each tool, assess whether it is needed for the task (Collect fees, commissions, or other payments, according to contract terms.) for the role of Agents and Business Managers of Artists, Performers, and Athletes. Options are: ""Required"" or ""Not Required"". The tools include:
   - ""Coding""
   - ""Spreadsheets""
   - ""Text editor""
   - ""PDF viewer""
   - ""Presentation software""
   - ""Image Generator""
   - ""Web Browser""
   - ""Other"" (specify tool name and classification if needed; otherwise ""NA"")

3. **Materials Required:**  
   For each material, determine if it is necessary as part of the test to evaluate Agents and Business Managers of Artists, Performers, and Athletes's ability to perform the task (Collect fees, commissions, or other payments, according to contract terms.). Options are: ""Required""or ""Not required"" The materials include:
   - ""Text""
   - ""Data""
   - ""Images""
   - ""Audio files""
   - ""Video files""
   - ""Virtual labs or sandbox environments""
   - ""Other"" (specify material name and classification if needed; otherwise ""NA"")

4. **Feasability of a practical exam:**
    Evaluate whether the task can meaningfuly be tested in a practical, remote exam.
    - If you think this is possible, answer True,
    - Otherwise answer False

5. **Chain-of-Thought Reasoning:**  
   Optionally, include a brief chain-of-thought explanation (no more than 150 words) for your evaluations in a field called `""chain_of_thought""`.

**Output Requirement:**  
Return a JSON object strictly adhering to the provided structure, without any extra commentary outside of the JSON fields.

**Expected JSON Structure:**
{
  ""task_id"": ""12865.0"",
  ""occupation"": ""Agents and Business Managers of Artists, Performers, and Athletes"",
  ""task_description"": ""Collect fees, commissions, or other payments, according to contract terms."",
  ""can_be_performed_remotely"": true/false,
  ""tools"": {
    ""Coding"": ""Not Required/Required/NA"",
    ""Spreadsheets"": ""Not Required/Required/NA"",
    ""Text editor"": ""Not Required/Required/NA"",
    ""PDF viewer"": ""Not Required/Required/NA"", 
    ""Presentation software"": ""Not Required/Required/NA"",
    ""Web Browser"": ""Not Required/Required/NA"",
    ""Image Generator"": ""Not Required/Required/NA"",
    ""Other"": {
      ""name"": ""Tool Name/NA"",
      ""classification"": ""Not Required/Required/NA""
    }
  },
  ""materials"": {
    ""Text"": ""Not Required/Required/NA"",
    ""Data"": ""Not Required/Required/NA"",
    ""Images"": ""Not Required/Required/NA"",
    ""Audio files"": ""Not Required/Required/NA"",
    ""Video files"": ""Not Required/Required/NA"",
    ""Virtual labs or sandbox environments"": ""Not Required/Required/NA"",
    ""Other"": {
      ""name"": ""Material Name/NA"",
      ""classification"": ""Not Required/Required/NA""
    }
  },
  ""feasiblity_practical"": true/false
  ""chain_of_thought"": ""Brief explanation (no more than 150 words).""
}
",12865.0,"Agents and Business Managers of Artists, Performers, and Athletes","Collect fees, commissions, or other payments, according to contract terms.",True,True,"The task of collecting fees, commissions, or other payments can be performed remotely as it primarily involves reviewing contracts, managing financial data, and processing payments, all of which can be done online. Tools like spreadsheets, text editors, PDF viewers, and web browsers are essential for handling financial data and contract terms. Accounting software is crucial for managing transactions. Materials such as text, data, and contract documents are necessary to simulate real-world scenarios. Therefore, a practical exam can be designed to test these skills remotely.",Not Required,Required,Required,Required,Not Required,Required,Not Required,Accounting Software,Required,Required,Required,Not Required,Not Required,Not Required,Not Required,Contract Documents,Required,"['Spreadsheets', 'Text editor', 'PDF viewer', 'Web Browser', 'Accounting Software']","['Text', 'Data', 'Contract Documents']","['Spreadsheets', 'Text editor', 'PDF viewer', 'Web Browser']","['Text', 'Data']"
1,1,"
Task ID: 21163.0

Your assignment is to determine if it is possible to design a meaningful, **practical** exam for this task that can be performed remotely and to identify the required tools and materials for the evaluation. 

**Definitions:**
- **Tools:** Software or applications (e.g., coding languages, code editor, spreadsheets, text editor, presentation software, image generator), that the candidate needs to use to complete the test.
- **Materials:** Digital content (e.g., data files, PDFs, images, audio files, virtual lab environments) that form part of the test content.
- **Practical exam:** A practical exam is a an exam actually testing whether the described task can be performed successfully. An exam testing the knowledge about the task is NOT a practical exam.

**Instructions:**
1. **Remote Feasibility:**  
   Evaluate whether the task can be performed online/remotely or if it requires in-person presence.
   - **If in-person required:** Output `""can_be_performed_remotely"": false` and set all other fields (tools and materials) to `""NA""`.
   - **If remote:** Output `""can_be_performed_remotely"": true` and continue with the evaluation.

2. **Tools Required:**  
   For each tool, assess whether it is needed for the task (Send samples of clients' work and other promotional material to potential employers to obtain auditions, sponsorships, or endorsement deals.) for the role of Agents and Business Managers of Artists, Performers, and Athletes. Options are: ""Required"" or ""Not Required"". The tools include:
   - ""Coding""
   - ""Spreadsheets""
   - ""Text editor""
   - ""PDF viewer""
   - ""Presentation software""
   - ""Image Generator""
   - ""Web Browser""
   - ""Other"" (specify tool name and classification if needed; otherwise ""NA"")

3. **Materials Required:**  
   For each material, determine if it is necessary as part of the test to evaluate Agents and Business Managers of Artists, Performers, and Athletes's ability to perform the task (Send samples of clients' work and other promotional material to potential employers to obtain auditions, sponsorships, or endorsement deals.). Options are: ""Required""or ""Not required"" The materials include:
   - ""Text""
   - ""Data""
   - ""Images""
   - ""Audio files""
   - ""Video files""
   - ""Virtual labs or sandbox environments""
   - ""Other"" (specify material name and classification if needed; otherwise ""NA"")

4. **Feasability of a practical exam:**
    Evaluate whether the task can meaningfuly be tested in a practical, remote exam.
    - If you think this is possible, answer True,
    - Otherwise answer False

5. **Chain-of-Thought Reasoning:**  
   Optionally, include a brief chain-of-thought explanation (no more than 150 words) for your evaluations in a field called `""chain_of_thought""`.

**Output Requirement:**  
Return a JSON object strictly adhering to the provided structure, without any extra commentary outside of the JSON fields.

**Expected JSON Structure:**
{
  ""task_id"": ""21163.0"",
  ""occupation"": ""Agents and Business Managers of Artists, Performers, and Athletes"",
  ""task_description"": ""Send samples of clients' work and other promotional material to potential employers to obtain auditions, sponsorships, or endorsement deals."",
  ""can_be_performed_remotely"": true/false,
  ""tools"": {
    ""Coding"": ""Not Required/Required/NA"",
    ""Spreadsheets"": ""Not Required/Required/NA"",
    ""Text editor"": ""Not Required/Required/NA"",
    ""PDF viewer"": ""Not Required/Required/NA"", 
    ""Presentation software"": ""Not Required/Required/NA"",
    ""Web Browser"": ""Not Required/Required/NA"",
    ""Image Generator"": ""Not Required/Required/NA"",
    ""Other"": {
      ""name"": ""Tool Name/NA"",
      ""classification"": ""Not Required/Required/NA""
    }
  },
  ""materials"": {
    ""Text"": ""Not Required/Required/NA"",
    ""Data"": ""Not Required/Required/NA"",
    ""Images"": ""Not Required/Required/NA"",
    ""Audio files"": ""Not Required/Required/NA"",
    ""Video files"": ""Not Required/Required/NA"",
    ""Virtual labs or sandbox environments"": ""Not Required/Required/NA"",
    ""Other"": {
      ""name"": ""Material Name/NA"",
      ""classification"": ""Not Required/Required/NA""
    }
  },
  ""feasiblity_practical"": true/false
  ""chain_of_thought"": ""Brief explanation (no more than 150 words).""
}
",21163.0,"Agents and Business Managers of Artists, Performers, and Athletes","Send samples of clients' work and other promotional material to potential employers to obtain auditions, sponsorships, or endorsement deals.",True,True,"The task of sending samples and promotional material can be performed remotely using digital tools like email clients, text editors, and presentation software. The necessary materials include text, images, audio, and video files, which can be shared electronically. A practical exam could involve candidates preparing and sending a promotional package to a simulated potential employer, testing their ability to select appropriate materials and use the required tools effectively. This setup is feasible for remote evaluation.",Not Required,Not Required,Required,Required,Required,Required,Not Required,Email Client,Required,Required,Not Required,Required,Required,Required,Not Required,,,"['Text editor', 'PDF viewer', 'Presentation software', 'Web Browser', 'Email Client']","['Text', 'Images', 'Audio files', 'Video files']","['Text editor', 'PDF viewer', 'Presentation software', 'Web Browser']","['Text', 'Images', 'Audio files', 'Video files']"
2,2,"
Task ID: 12870.0

Your assignment is to determine if it is possible to design a meaningful, **practical** exam for this task that can be performed remotely and to identify the required tools and materials for the evaluation. 

**Definitions:**
- **Tools:** Software or applications (e.g., coding languages, code editor, spreadsheets, text editor, presentation software, image generator), that the candidate needs to use to complete the test.
- **Materials:** Digital content (e.g., data files, PDFs, images, audio files, virtual lab environments) that form part of the test content.
- **Practical exam:** A practical exam is a an exam actually testing whether the described task can be performed successfully. An exam testing the knowledge about the task is NOT a practical exam.

**Instructions:**
1. **Remote Feasibility:**  
   Evaluate whether the task can be performed online/remotely or if it requires in-person presence.
   - **If in-person required:** Output `""can_be_performed_remotely"": false` and set all other fields (tools and materials) to `""NA""`.
   - **If remote:** Output `""can_be_performed_remotely"": true` and continue with the evaluation.

2. **Tools Required:**  
   For each tool, assess whether it is needed for the task (Keep informed of industry trends and deals.) for the role of Agents and Business Managers of Artists, Performers, and Athletes. Options are: ""Required"" or ""Not Required"". The tools include:
   - ""Coding""
   - ""Spreadsheets""
   - ""Text editor""
   - ""PDF viewer""
   - ""Presentation software""
   - ""Image Generator""
   - ""Web Browser""
   - ""Other"" (specify tool name and classification if needed; otherwise ""NA"")

3. **Materials Required:**  
   For each material, determine if it is necessary as part of the test to evaluate Agents and Business Managers of Artists, Performers, and Athletes's ability to perform the task (Keep informed of industry trends and deals.). Options are: ""Required""or ""Not required"" The materials include:
   - ""Text""
   - ""Data""
   - ""Images""
   - ""Audio files""
   - ""Video files""
   - ""Virtual labs or sandbox environments""
   - ""Other"" (specify material name and classification if needed; otherwise ""NA"")

4. **Feasability of a practical exam:**
    Evaluate whether the task can meaningfuly be tested in a practical, remote exam.
    - If you think this is possible, answer True,
    - Otherwise answer False

5. **Chain-of-Thought Reasoning:**  
   Optionally, include a brief chain-of-thought explanation (no more than 150 words) for your evaluations in a field called `""chain_of_thought""`.

**Output Requirement:**  
Return a JSON object strictly adhering to the provided structure, without any extra commentary outside of the JSON fields.

**Expected JSON Structure:**
{
  ""task_id"": ""12870.0"",
  ""occupation"": ""Agents and Business Managers of Artists, Performers, and Athletes"",
  ""task_description"": ""Keep informed of industry trends and deals."",
  ""can_be_performed_remotely"": true/false,
  ""tools"": {
    ""Coding"": ""Not Required/Required/NA"",
    ""Spreadsheets"": ""Not Required/Required/NA"",
    ""Text editor"": ""Not Required/Required/NA"",
    ""PDF viewer"": ""Not Required/Required/NA"", 
    ""Presentation software"": ""Not Required/Required/NA"",
    ""Web Browser"": ""Not Required/Required/NA"",
    ""Image Generator"": ""Not Required/Required/NA"",
    ""Other"": {
      ""name"": ""Tool Name/NA"",
      ""classification"": ""Not Required/Required/NA""
    }
  },
  ""materials"": {
    ""Text"": ""Not Required/Required/NA"",
    ""Data"": ""Not Required/Required/NA"",
    ""Images"": ""Not Required/Required/NA"",
    ""Audio files"": ""Not Required/Required/NA"",
    ""Video files"": ""Not Required/Required/NA"",
    ""Virtual labs or sandbox environments"": ""Not Required/Required/NA"",
    ""Other"": {
      ""name"": ""Material Name/NA"",
      ""classification"": ""Not Required/Required/NA""
    }
  },
  ""feasiblity_practical"": true/false
  ""chain_of_thought"": ""Brief explanation (no more than 150 words).""
}
",12870.0,"Agents and Business Managers of Artists, Performers, and Athletes",Keep informed of industry trends and deals.,True,True,"Keeping informed of industry trends and deals can be performed remotely as it primarily involves research and analysis. Tools like web browsers and social media monitoring tools are essential for accessing and analyzing information. Spreadsheets and text editors are useful for organizing and documenting findings. PDF viewers are needed for reading industry reports. The task can be practically tested by assigning candidates to research current trends and deals, analyze data, and present their findings, demonstrating their ability to stay informed and apply this knowledge effectively.",Not Required,Required,Required,Required,Not Required,Required,Not Required,Social Media Monitoring Tools,Required,Required,Required,Not Required,Not Required,Not Required,Not Required,Industry Reports,Required,"['Spreadsheets', 'Text editor', 'PDF viewer', 'Web Browser', 'Social Media Monitoring Tools']","['Text', 'Data', 'Industry Reports']","['Spreadsheets', 'Text editor', 'PDF viewer', 'Web Browser']","['Text', 'Data']"
3,3,"
Task ID: 12883.0

Your assignment is to determine if it is possible to design a meaningful, **practical** exam for this task that can be performed remotely and to identify the required tools and materials for the evaluation. 

**Definitions:**
- **Tools:** Software or applications (e.g., coding languages, code editor, spreadsheets, text editor, presentation software, image generator), that the candidate needs to use to complete the test.
- **Materials:** Digital content (e.g., data files, PDFs, images, audio files, virtual lab environments) that form part of the test content.
- **Practical exam:** A practical exam is a an exam actually testing whether the described task can be performed successfully. An exam testing the knowledge about the task is NOT a practical exam.

**Instructions:**
1. **Remote Feasibility:**  
   Evaluate whether the task can be performed online/remotely or if it requires in-person presence.
   - **If in-person required:** Output `""can_be_performed_remotely"": false` and set all other fields (tools and materials) to `""NA""`.
   - **If remote:** Output `""can_be_performed_remotely"": true` and continue with the evaluation.

2. **Tools Required:**  
   For each tool, assess whether it is needed for the task (Maintain records of business transactions and product inventories, reporting data to companies or government agencies as necessary.) for the role of Buyers and Purchasing Agents, Farm Products. Options are: ""Required"" or ""Not Required"". The tools include:
   - ""Coding""
   - ""Spreadsheets""
   - ""Text editor""
   - ""PDF viewer""
   - ""Presentation software""
   - ""Image Generator""
   - ""Web Browser""
   - ""Other"" (specify tool name and classification if needed; otherwise ""NA"")

3. **Materials Required:**  
   For each material, determine if it is necessary as part of the test to evaluate Buyers and Purchasing Agents, Farm Products's ability to perform the task (Maintain records of business transactions and product inventories, reporting data to companies or government agencies as necessary.). Options are: ""Required""or ""Not required"" The materials include:
   - ""Text""
   - ""Data""
   - ""Images""
   - ""Audio files""
   - ""Video files""
   - ""Virtual labs or sandbox environments""
   - ""Other"" (specify material name and classification if needed; otherwise ""NA"")

4. **Feasability of a practical exam:**
    Evaluate whether the task can meaningfuly be tested in a practical, remote exam.
    - If you think this is possible, answer True,
    - Otherwise answer False

5. **Chain-of-Thought Reasoning:**  
   Optionally, include a brief chain-of-thought explanation (no more than 150 words) for your evaluations in a field called `""chain_of_thought""`.

**Output Requirement:**  
Return a JSON object strictly adhering to the provided structure, without any extra commentary outside of the JSON fields.

**Expected JSON Structure:**
{
  ""task_id"": ""12883.0"",
  ""occupation"": ""Buyers and Purchasing Agents, Farm Products"",
  ""task_description"": ""Maintain records of business transactions and product inventories, reporting data to companies or government agencies as necessary."",
  ""can_be_performed_remotely"": true/false,
  ""tools"": {
    ""Coding"": ""Not Required/Required/NA"",
    ""Spreadsheets"": ""Not Required/Required/NA"",
    ""Text editor"": ""Not Required/Required/NA"",
    ""PDF viewer"": ""Not Required/Required/NA"", 
    ""Presentation software"": ""Not Required/Required/NA"",
    ""Web Browser"": ""Not Required/Required/NA"",
    ""Image Generator"": ""Not Required/Required/NA"",
    ""Other"": {
      ""name"": ""Tool Name/NA"",
      ""classification"": ""Not Required/Required/NA""
    }
  },
  ""materials"": {
    ""Text"": ""Not Required/Required/NA"",
    ""Data"": ""Not Required/Required/NA"",
    ""Images"": ""Not Required/Required/NA"",
    ""Audio files"": ""Not Required/Required/NA"",
    ""Video files"": ""Not Required/Required/NA"",
    ""Virtual labs or sandbox environments"": ""Not Required/Required/NA"",
    ""Other"": {
      ""name"": ""Material Name/NA"",
      ""classification"": ""Not Required/Required/NA""
    }
  },
  ""feasiblity_practical"": true/false
  ""chain_of_thought"": ""Brief explanation (no more than 150 words).""
}
",12883.0,"Buyers and Purchasing Agents, Farm Products","Maintain records of business transactions and product inventories, reporting data to companies or government agencies as necessary.",True,True,The task of maintaining records and reporting can be performed remotely using digital tools. Spreadsheets are essential for managing inventories and transactions. A text editor and PDF viewer are needed for documentation and report viewing. A web browser is necessary for accessing online resources and submitting reports. Text and data materials are required to simulate real-world scenarios. This setup allows for a practical exam to assess the candidate's ability to manage records and report data effectively.,Not Required,Required,Required,Required,Not Required,Required,Not Required,,,Required,Required,Not Required,Not Required,Not Required,Not Required,,,"['Spreadsheets', 'Text editor', 'PDF viewer', 'Web Browser']","['Text', 'Data']","['Spreadsheets', 'Text editor', 'PDF viewer', 'Web Browser']","['Text', 'Data']"
4,4,"
Task ID: 12882.0

Your assignment is to determine if it is possible to design a meaningful, **practical** exam for this task that can be performed remotely and to identify the required tools and materials for the evaluation. 

**Definitions:**
- **Tools:** Software or applications (e.g., coding languages, code editor, spreadsheets, text editor, presentation software, image generator), that the candidate needs to use to complete the test.
- **Materials:** Digital content (e.g., data files, PDFs, images, audio files, virtual lab environments) that form part of the test content.
- **Practical exam:** A practical exam is a an exam actually testing whether the described task can be performed successfully. An exam testing the knowledge about the task is NOT a practical exam.

**Instructions:**
1. **Remote Feasibility:**  
   Evaluate whether the task can be performed online/remotely or if it requires in-person presence.
   - **If in-person required:** Output `""can_be_performed_remotely"": false` and set all other fields (tools and materials) to `""NA""`.
   - **If remote:** Output `""can_be_performed_remotely"": true` and continue with the evaluation.

2. **Tools Required:**  
   For each tool, assess whether it is needed for the task (Review orders to determine product types and quantities required to meet demand.) for the role of Buyers and Purchasing Agents, Farm Products. Options are: ""Required"" or ""Not Required"". The tools include:
   - ""Coding""
   - ""Spreadsheets""
   - ""Text editor""
   - ""PDF viewer""
   - ""Presentation software""
   - ""Image Generator""
   - ""Web Browser""
   - ""Other"" (specify tool name and classification if needed; otherwise ""NA"")

3. **Materials Required:**  
   For each material, determine if it is necessary as part of the test to evaluate Buyers and Purchasing Agents, Farm Products's ability to perform the task (Review orders to determine product types and quantities required to meet demand.). Options are: ""Required""or ""Not required"" The materials include:
   - ""Text""
   - ""Data""
   - ""Images""
   - ""Audio files""
   - ""Video files""
   - ""Virtual labs or sandbox environments""
   - ""Other"" (specify material name and classification if needed; otherwise ""NA"")

4. **Feasability of a practical exam:**
    Evaluate whether the task can meaningfuly be tested in a practical, remote exam.
    - If you think this is possible, answer True,
    - Otherwise answer False

5. **Chain-of-Thought Reasoning:**  
   Optionally, include a brief chain-of-thought explanation (no more than 150 words) for your evaluations in a field called `""chain_of_thought""`.

**Output Requirement:**  
Return a JSON object strictly adhering to the provided structure, without any extra commentary outside of the JSON fields.

**Expected JSON Structure:**
{
  ""task_id"": ""12882.0"",
  ""occupation"": ""Buyers and Purchasing Agents, Farm Products"",
  ""task_description"": ""Review orders to determine product types and quantities required to meet demand."",
  ""can_be_performed_remotely"": true/false,
  ""tools"": {
    ""Coding"": ""Not Required/Required/NA"",
    ""Spreadsheets"": ""Not Required/Required/NA"",
    ""Text editor"": ""Not Required/Required/NA"",
    ""PDF viewer"": ""Not Required/Required/NA"", 
    ""Presentation software"": ""Not Required/Required/NA"",
    ""Web Browser"": ""Not Required/Required/NA"",
    ""Image Generator"": ""Not Required/Required/NA"",
    ""Other"": {
      ""name"": ""Tool Name/NA"",
      ""classification"": ""Not Required/Required/NA""
    }
  },
  ""materials"": {
    ""Text"": ""Not Required/Required/NA"",
    ""Data"": ""Not Required/Required/NA"",
    ""Images"": ""Not Required/Required/NA"",
    ""Audio files"": ""Not Required/Required/NA"",
    ""Video files"": ""Not Required/Required/NA"",
    ""Virtual labs or sandbox environments"": ""Not Required/Required/NA"",
    ""Other"": {
      ""name"": ""Material Name/NA"",
      ""classification"": ""Not Required/Required/NA""
    }
  },
  ""feasiblity_practical"": true/false
  ""chain_of_thought"": ""Brief explanation (no more than 150 words).""
}
",12882.0,"Buyers and Purchasing Agents, Farm Products",Review orders to determine product types and quantities required to meet demand.,True,True,"The task of reviewing orders to determine product types and quantities can be performed remotely as it primarily involves analyzing data and documents. Spreadsheets are essential for organizing and analyzing order data, while a PDF viewer is needed to read order documents. A web browser is necessary for accessing online resources or order management systems. Text and data files are required to simulate real-world order scenarios. This setup allows for a practical evaluation of the candidate's ability to perform the task remotely.",Not Required,Required,Not Required,Required,Not Required,Required,Not Required,,,Required,Required,Not Required,Not Required,Not Required,Not Required,,,"['Spreadsheets', 'PDF viewer', 'Web Browser']","['Text', 'Data']","['Spreadsheets', 'PDF viewer', 'Web Browser']","['Text', 'Data']"
5,5,"
Task ID: 20713.0

Your assignment is to determine if it is possible to design a meaningful, **practical** exam for this task that can be performed remotely and to identify the required tools and materials for the evaluation. 

**Definitions:**
- **Tools:** Software or applications (e.g., coding languages, code editor, spreadsheets, text editor, presentation software, image generator), that the candidate needs to use to complete the test.
- **Materials:** Digital content (e.g., data files, PDFs, images, audio files, virtual lab environments) that form part of the test content.
- **Practical exam:** A practical exam is a an exam actually testing whether the described task can be performed successfully. An exam testing the knowledge about the task is NOT a practical exam.

**Instructions:**
1. **Remote Feasibility:**  
   Evaluate whether the task can be performed online/remotely or if it requires in-person presence.
   - **If in-person required:** Output `""can_be_performed_remotely"": false` and set all other fields (tools and materials) to `""NA""`.
   - **If remote:** Output `""can_be_performed_remotely"": true` and continue with the evaluation.

2. **Tools Required:**  
   For each tool, assess whether it is needed for the task (Recommend mark-up rates, mark-down rates, or merchandise selling prices.) for the role of Wholesale and Retail Buyers, Except Farm Products. Options are: ""Required"" or ""Not Required"". The tools include:
   - ""Coding""
   - ""Spreadsheets""
   - ""Text editor""
   - ""PDF viewer""
   - ""Presentation software""
   - ""Image Generator""
   - ""Web Browser""
   - ""Other"" (specify tool name and classification if needed; otherwise ""NA"")

3. **Materials Required:**  
   For each material, determine if it is necessary as part of the test to evaluate Wholesale and Retail Buyers, Except Farm Products's ability to perform the task (Recommend mark-up rates, mark-down rates, or merchandise selling prices.). Options are: ""Required""or ""Not required"" The materials include:
   - ""Text""
   - ""Data""
   - ""Images""
   - ""Audio files""
   - ""Video files""
   - ""Virtual labs or sandbox environments""
   - ""Other"" (specify material name and classification if needed; otherwise ""NA"")

4. **Feasability of a practical exam:**
    Evaluate whether the task can meaningfuly be tested in a practical, remote exam.
    - If you think this is possible, answer True,
    - Otherwise answer False

5. **Chain-of-Thought Reasoning:**  
   Optionally, include a brief chain-of-thought explanation (no more than 150 words) for your evaluations in a field called `""chain_of_thought""`.

**Output Requirement:**  
Return a JSON object strictly adhering to the provided structure, without any extra commentary outside of the JSON fields.

**Expected JSON Structure:**
{
  ""task_id"": ""20713.0"",
  ""occupation"": ""Wholesale and Retail Buyers, Except Farm Products"",
  ""task_description"": ""Recommend mark-up rates, mark-down rates, or merchandise selling prices."",
  ""can_be_performed_remotely"": true/false,
  ""tools"": {
    ""Coding"": ""Not Required/Required/NA"",
    ""Spreadsheets"": ""Not Required/Required/NA"",
    ""Text editor"": ""Not Required/Required/NA"",
    ""PDF viewer"": ""Not Required/Required/NA"", 
    ""Presentation software"": ""Not Required/Required/NA"",
    ""Web Browser"": ""Not Required/Required/NA"",
    ""Image Generator"": ""Not Required/Required/NA"",
    ""Other"": {
      ""name"": ""Tool Name/NA"",
      ""classification"": ""Not Required/Required/NA""
    }
  },
  ""materials"": {
    ""Text"": ""Not Required/Required/NA"",
    ""Data"": ""Not Required/Required/NA"",
    ""Images"": ""Not Required/Required/NA"",
    ""Audio files"": ""Not Required/Required/NA"",
    ""Video files"": ""Not Required/Required/NA"",
    ""Virtual labs or sandbox environments"": ""Not Required/Required/NA"",
    ""Other"": {
      ""name"": ""Material Name/NA"",
      ""classification"": ""Not Required/Required/NA""
    }
  },
  ""feasiblity_practical"": true/false
  ""chain_of_thought"": ""Brief explanation (no more than 150 words).""
}
",20713.0,"Wholesale and Retail Buyers, Except Farm Products","Recommend mark-up rates, mark-down rates, or merchandise selling prices.",True,True,The task of recommending mark-up or mark-down rates can be performed remotely using spreadsheets for calculations and a web browser for research. Text and data are essential materials to provide context and historical pricing information. This setup allows for a practical exam where candidates can demonstrate their ability to analyze data and make informed pricing recommendations.,Not Required,Required,Not Required,Not Required,Not Required,Required,Not Required,,,Required,Required,Not Required,Not Required,Not Required,Not Required,,,"['Spreadsheets', 'Web Browser']","['Text', 'Data']","['Spreadsheets', 'Web Browser']","['Text', 'Data']"
6,6,"
Task ID: 66.0

Your assignment is to determine if it is possible to design a meaningful, **practical** exam for this task that can be performed remotely and to identify the required tools and materials for the evaluation. 

**Definitions:**
- **Tools:** Software or applications (e.g., coding languages, code editor, spreadsheets, text editor, presentation software, image generator), that the candidate needs to use to complete the test.
- **Materials:** Digital content (e.g., data files, PDFs, images, audio files, virtual lab environments) that form part of the test content.
- **Practical exam:** A practical exam is a an exam actually testing whether the described task can be performed successfully. An exam testing the knowledge about the task is NOT a practical exam.

**Instructions:**
1. **Remote Feasibility:**  
   Evaluate whether the task can be performed online/remotely or if it requires in-person presence.
   - **If in-person required:** Output `""can_be_performed_remotely"": false` and set all other fields (tools and materials) to `""NA""`.
   - **If remote:** Output `""can_be_performed_remotely"": true` and continue with the evaluation.

2. **Tools Required:**  
   For each tool, assess whether it is needed for the task (Monitor and analyze sales records, trends, or economic conditions to anticipate consumer buying patterns, company sales, and needed inventory.) for the role of Wholesale and Retail Buyers, Except Farm Products. Options are: ""Required"" or ""Not Required"". The tools include:
   - ""Coding""
   - ""Spreadsheets""
   - ""Text editor""
   - ""PDF viewer""
   - ""Presentation software""
   - ""Image Generator""
   - ""Web Browser""
   - ""Other"" (specify tool name and classification if needed; otherwise ""NA"")

3. **Materials Required:**  
   For each material, determine if it is necessary as part of the test to evaluate Wholesale and Retail Buyers, Except Farm Products's ability to perform the task (Monitor and analyze sales records, trends, or economic conditions to anticipate consumer buying patterns, company sales, and needed inventory.). Options are: ""Required""or ""Not required"" The materials include:
   - ""Text""
   - ""Data""
   - ""Images""
   - ""Audio files""
   - ""Video files""
   - ""Virtual labs or sandbox environments""
   - ""Other"" (specify material name and classification if needed; otherwise ""NA"")

4. **Feasability of a practical exam:**
    Evaluate whether the task can meaningfuly be tested in a practical, remote exam.
    - If you think this is possible, answer True,
    - Otherwise answer False

5. **Chain-of-Thought Reasoning:**  
   Optionally, include a brief chain-of-thought explanation (no more than 150 words) for your evaluations in a field called `""chain_of_thought""`.

**Output Requirement:**  
Return a JSON object strictly adhering to the provided structure, without any extra commentary outside of the JSON fields.

**Expected JSON Structure:**
{
  ""task_id"": ""66.0"",
  ""occupation"": ""Wholesale and Retail Buyers, Except Farm Products"",
  ""task_description"": ""Monitor and analyze sales records, trends, or economic conditions to anticipate consumer buying patterns, company sales, and needed inventory."",
  ""can_be_performed_remotely"": true/false,
  ""tools"": {
    ""Coding"": ""Not Required/Required/NA"",
    ""Spreadsheets"": ""Not Required/Required/NA"",
    ""Text editor"": ""Not Required/Required/NA"",
    ""PDF viewer"": ""Not Required/Required/NA"", 
    ""Presentation software"": ""Not Required/Required/NA"",
    ""Web Browser"": ""Not Required/Required/NA"",
    ""Image Generator"": ""Not Required/Required/NA"",
    ""Other"": {
      ""name"": ""Tool Name/NA"",
      ""classification"": ""Not Required/Required/NA""
    }
  },
  ""materials"": {
    ""Text"": ""Not Required/Required/NA"",
    ""Data"": ""Not Required/Required/NA"",
    ""Images"": ""Not Required/Required/NA"",
    ""Audio files"": ""Not Required/Required/NA"",
    ""Video files"": ""Not Required/Required/NA"",
    ""Virtual labs or sandbox environments"": ""Not Required/Required/NA"",
    ""Other"": {
      ""name"": ""Material Name/NA"",
      ""classification"": ""Not Required/Required/NA""
    }
  },
  ""feasiblity_practical"": true/false
  ""chain_of_thought"": ""Brief explanation (no more than 150 words).""
}
",66.0,"Wholesale and Retail Buyers, Except Farm Products","Monitor and analyze sales records, trends, or economic conditions to anticipate consumer buying patterns, company sales, and needed inventory.",True,True,"The task of monitoring and analyzing sales records and trends can be performed remotely using spreadsheets and data analysis software. These tools allow for the manipulation and examination of data to identify patterns and make predictions. A web browser is necessary for accessing online data sources and economic reports. The primary material required is data, which can be provided in digital formats. This setup allows for a practical exam to be conducted remotely, as candidates can demonstrate their ability to analyze data and anticipate trends using these tools and materials.",Not Required,Required,Not Required,Not Required,Not Required,Required,Not Required,Data Analysis Software,Required,Not Required,Required,Not Required,Not Required,Not Required,Not Required,,,"['Spreadsheets', 'Web Browser', 'Data Analysis Software']",['Data'],"['Spreadsheets', 'Web Browser']",['Data']
7,7,"
Task ID: 1146.0

Your assignment is to determine if it is possible to design a meaningful, **practical** exam for this task that can be performed remotely and to identify the required tools and materials for the evaluation. 

**Definitions:**
- **Tools:** Software or applications (e.g., coding languages, code editor, spreadsheets, text editor, presentation software, image generator), that the candidate needs to use to complete the test.
- **Materials:** Digital content (e.g., data files, PDFs, images, audio files, virtual lab environments) that form part of the test content.
- **Practical exam:** A practical exam is a an exam actually testing whether the described task can be performed successfully. An exam testing the knowledge about the task is NOT a practical exam.

**Instructions:**
1. **Remote Feasibility:**  
   Evaluate whether the task can be performed online/remotely or if it requires in-person presence.
   - **If in-person required:** Output `""can_be_performed_remotely"": false` and set all other fields (tools and materials) to `""NA""`.
   - **If remote:** Output `""can_be_performed_remotely"": true` and continue with the evaluation.

2. **Tools Required:**  
   For each tool, assess whether it is needed for the task (Monitor and follow applicable laws and regulations.) for the role of Purchasing Agents, Except Wholesale, Retail, and Farm Products. Options are: ""Required"" or ""Not Required"". The tools include:
   - ""Coding""
   - ""Spreadsheets""
   - ""Text editor""
   - ""PDF viewer""
   - ""Presentation software""
   - ""Image Generator""
   - ""Web Browser""
   - ""Other"" (specify tool name and classification if needed; otherwise ""NA"")

3. **Materials Required:**  
   For each material, determine if it is necessary as part of the test to evaluate Purchasing Agents, Except Wholesale, Retail, and Farm Products's ability to perform the task (Monitor and follow applicable laws and regulations.). Options are: ""Required""or ""Not required"" The materials include:
   - ""Text""
   - ""Data""
   - ""Images""
   - ""Audio files""
   - ""Video files""
   - ""Virtual labs or sandbox environments""
   - ""Other"" (specify material name and classification if needed; otherwise ""NA"")

4. **Feasability of a practical exam:**
    Evaluate whether the task can meaningfuly be tested in a practical, remote exam.
    - If you think this is possible, answer True,
    - Otherwise answer False

5. **Chain-of-Thought Reasoning:**  
   Optionally, include a brief chain-of-thought explanation (no more than 150 words) for your evaluations in a field called `""chain_of_thought""`.

**Output Requirement:**  
Return a JSON object strictly adhering to the provided structure, without any extra commentary outside of the JSON fields.

**Expected JSON Structure:**
{
  ""task_id"": ""1146.0"",
  ""occupation"": ""Purchasing Agents, Except Wholesale, Retail, and Farm Products"",
  ""task_description"": ""Monitor and follow applicable laws and regulations."",
  ""can_be_performed_remotely"": true/false,
  ""tools"": {
    ""Coding"": ""Not Required/Required/NA"",
    ""Spreadsheets"": ""Not Required/Required/NA"",
    ""Text editor"": ""Not Required/Required/NA"",
    ""PDF viewer"": ""Not Required/Required/NA"", 
    ""Presentation software"": ""Not Required/Required/NA"",
    ""Web Browser"": ""Not Required/Required/NA"",
    ""Image Generator"": ""Not Required/Required/NA"",
    ""Other"": {
      ""name"": ""Tool Name/NA"",
      ""classification"": ""Not Required/Required/NA""
    }
  },
  ""materials"": {
    ""Text"": ""Not Required/Required/NA"",
    ""Data"": ""Not Required/Required/NA"",
    ""Images"": ""Not Required/Required/NA"",
    ""Audio files"": ""Not Required/Required/NA"",
    ""Video files"": ""Not Required/Required/NA"",
    ""Virtual labs or sandbox environments"": ""Not Required/Required/NA"",
    ""Other"": {
      ""name"": ""Material Name/NA"",
      ""classification"": ""Not Required/Required/NA""
    }
  },
  ""feasiblity_practical"": true/false
  ""chain_of_thought"": ""Brief explanation (no more than 150 words).""
}
",1146.0,"Purchasing Agents, Except Wholesale, Retail, and Farm Products",Monitor and follow applicable laws and regulations.,True,True,"Monitoring and following applicable laws and regulations can be performed remotely as it primarily involves reviewing documents and data, which can be accessed online. Tools like spreadsheets, text editors, PDF viewers, and web browsers are essential for accessing and analyzing regulatory information. Compliance management software can help track and ensure adherence to laws. Text and data materials, including regulatory documents, are necessary to evaluate the candidate's ability to interpret and apply regulations. A practical exam can be designed to test these skills remotely by providing scenarios and requiring candidates to demonstrate compliance actions.",Not Required,Required,Required,Required,Not Required,Required,Not Required,Compliance Management Software,Required,Required,Required,Not Required,Not Required,Not Required,Not Required,Regulatory Documents,Required,"['Spreadsheets', 'Text editor', 'PDF viewer', 'Web Browser', 'Compliance Management Software']","['Text', 'Data', 'Regulatory Documents']","['Spreadsheets', 'Text editor', 'PDF viewer', 'Web Browser']","['Text', 'Data']"
8,8,"
Task ID: 1143.0

Your assignment is to determine if it is possible to design a meaningful, **practical** exam for this task that can be performed remotely and to identify the required tools and materials for the evaluation. 

**Definitions:**
- **Tools:** Software or applications (e.g., coding languages, code editor, spreadsheets, text editor, presentation software, image generator), that the candidate needs to use to complete the test.
- **Materials:** Digital content (e.g., data files, PDFs, images, audio files, virtual lab environments) that form part of the test content.
- **Practical exam:** A practical exam is a an exam actually testing whether the described task can be performed successfully. An exam testing the knowledge about the task is NOT a practical exam.

**Instructions:**
1. **Remote Feasibility:**  
   Evaluate whether the task can be performed online/remotely or if it requires in-person presence.
   - **If in-person required:** Output `""can_be_performed_remotely"": false` and set all other fields (tools and materials) to `""NA""`.
   - **If remote:** Output `""can_be_performed_remotely"": true` and continue with the evaluation.

2. **Tools Required:**  
   For each tool, assess whether it is needed for the task (Prepare purchase orders, solicit bid proposals, and review requisitions for goods and services.) for the role of Purchasing Agents, Except Wholesale, Retail, and Farm Products. Options are: ""Required"" or ""Not Required"". The tools include:
   - ""Coding""
   - ""Spreadsheets""
   - ""Text editor""
   - ""PDF viewer""
   - ""Presentation software""
   - ""Image Generator""
   - ""Web Browser""
   - ""Other"" (specify tool name and classification if needed; otherwise ""NA"")

3. **Materials Required:**  
   For each material, determine if it is necessary as part of the test to evaluate Purchasing Agents, Except Wholesale, Retail, and Farm Products's ability to perform the task (Prepare purchase orders, solicit bid proposals, and review requisitions for goods and services.). Options are: ""Required""or ""Not required"" The materials include:
   - ""Text""
   - ""Data""
   - ""Images""
   - ""Audio files""
   - ""Video files""
   - ""Virtual labs or sandbox environments""
   - ""Other"" (specify material name and classification if needed; otherwise ""NA"")

4. **Feasability of a practical exam:**
    Evaluate whether the task can meaningfuly be tested in a practical, remote exam.
    - If you think this is possible, answer True,
    - Otherwise answer False

5. **Chain-of-Thought Reasoning:**  
   Optionally, include a brief chain-of-thought explanation (no more than 150 words) for your evaluations in a field called `""chain_of_thought""`.

**Output Requirement:**  
Return a JSON object strictly adhering to the provided structure, without any extra commentary outside of the JSON fields.

**Expected JSON Structure:**
{
  ""task_id"": ""1143.0"",
  ""occupation"": ""Purchasing Agents, Except Wholesale, Retail, and Farm Products"",
  ""task_description"": ""Prepare purchase orders, solicit bid proposals, and review requisitions for goods and services."",
  ""can_be_performed_remotely"": true/false,
  ""tools"": {
    ""Coding"": ""Not Required/Required/NA"",
    ""Spreadsheets"": ""Not Required/Required/NA"",
    ""Text editor"": ""Not Required/Required/NA"",
    ""PDF viewer"": ""Not Required/Required/NA"", 
    ""Presentation software"": ""Not Required/Required/NA"",
    ""Web Browser"": ""Not Required/Required/NA"",
    ""Image Generator"": ""Not Required/Required/NA"",
    ""Other"": {
      ""name"": ""Tool Name/NA"",
      ""classification"": ""Not Required/Required/NA""
    }
  },
  ""materials"": {
    ""Text"": ""Not Required/Required/NA"",
    ""Data"": ""Not Required/Required/NA"",
    ""Images"": ""Not Required/Required/NA"",
    ""Audio files"": ""Not Required/Required/NA"",
    ""Video files"": ""Not Required/Required/NA"",
    ""Virtual labs or sandbox environments"": ""Not Required/Required/NA"",
    ""Other"": {
      ""name"": ""Material Name/NA"",
      ""classification"": ""Not Required/Required/NA""
    }
  },
  ""feasiblity_practical"": true/false
  ""chain_of_thought"": ""Brief explanation (no more than 150 words).""
}
",1143.0,"Purchasing Agents, Except Wholesale, Retail, and Farm Products","Prepare purchase orders, solicit bid proposals, and review requisitions for goods and services.",True,True,"The task of preparing purchase orders, soliciting bid proposals, and reviewing requisitions can be performed remotely using digital tools. Spreadsheets and text editors are essential for organizing and drafting documents. A PDF viewer is needed to review documents, while a web browser is crucial for accessing online procurement platforms. Procurement software is often used to streamline these tasks. Text and data materials are necessary to simulate real-world scenarios. This setup allows for a practical exam to be conducted remotely, effectively evaluating the candidate's capabilities.",Not Required,Required,Required,Required,Not Required,Required,Not Required,Procurement Software,Required,Required,Required,Not Required,Not Required,Not Required,Not Required,,,"['Spreadsheets', 'Text editor', 'PDF viewer', 'Web Browser', 'Procurement Software']","['Text', 'Data']","['Spreadsheets', 'Text editor', 'PDF viewer', 'Web Browser']","['Text', 'Data']"
9,9,"
Task ID: 1142.0

Your assignment is to determine if it is possible to design a meaningful, **practical** exam for this task that can be performed remotely and to identify the required tools and materials for the evaluation. 

**Definitions:**
- **Tools:** Software or applications (e.g., coding languages, code editor, spreadsheets, text editor, presentation software, image generator), that the candidate needs to use to complete the test.
- **Materials:** Digital content (e.g., data files, PDFs, images, audio files, virtual lab environments) that form part of the test content.
- **Practical exam:** A practical exam is a an exam actually testing whether the described task can be performed successfully. An exam testing the knowledge about the task is NOT a practical exam.

**Instructions:**
1. **Remote Feasibility:**  
   Evaluate whether the task can be performed online/remotely or if it requires in-person presence.
   - **If in-person required:** Output `""can_be_performed_remotely"": false` and set all other fields (tools and materials) to `""NA""`.
   - **If remote:** Output `""can_be_performed_remotely"": true` and continue with the evaluation.

2. **Tools Required:**  
   For each tool, assess whether it is needed for the task (Purchase the highest quality merchandise at the lowest possible price and in correct amounts.) for the role of Purchasing Agents, Except Wholesale, Retail, and Farm Products. Options are: ""Required"" or ""Not Required"". The tools include:
   - ""Coding""
   - ""Spreadsheets""
   - ""Text editor""
   - ""PDF viewer""
   - ""Presentation software""
   - ""Image Generator""
   - ""Web Browser""
   - ""Other"" (specify tool name and classification if needed; otherwise ""NA"")

3. **Materials Required:**  
   For each material, determine if it is necessary as part of the test to evaluate Purchasing Agents, Except Wholesale, Retail, and Farm Products's ability to perform the task (Purchase the highest quality merchandise at the lowest possible price and in correct amounts.). Options are: ""Required""or ""Not required"" The materials include:
   - ""Text""
   - ""Data""
   - ""Images""
   - ""Audio files""
   - ""Video files""
   - ""Virtual labs or sandbox environments""
   - ""Other"" (specify material name and classification if needed; otherwise ""NA"")

4. **Feasability of a practical exam:**
    Evaluate whether the task can meaningfuly be tested in a practical, remote exam.
    - If you think this is possible, answer True,
    - Otherwise answer False

5. **Chain-of-Thought Reasoning:**  
   Optionally, include a brief chain-of-thought explanation (no more than 150 words) for your evaluations in a field called `""chain_of_thought""`.

**Output Requirement:**  
Return a JSON object strictly adhering to the provided structure, without any extra commentary outside of the JSON fields.

**Expected JSON Structure:**
{
  ""task_id"": ""1142.0"",
  ""occupation"": ""Purchasing Agents, Except Wholesale, Retail, and Farm Products"",
  ""task_description"": ""Purchase the highest quality merchandise at the lowest possible price and in correct amounts."",
  ""can_be_performed_remotely"": true/false,
  ""tools"": {
    ""Coding"": ""Not Required/Required/NA"",
    ""Spreadsheets"": ""Not Required/Required/NA"",
    ""Text editor"": ""Not Required/Required/NA"",
    ""PDF viewer"": ""Not Required/Required/NA"", 
    ""Presentation software"": ""Not Required/Required/NA"",
    ""Web Browser"": ""Not Required/Required/NA"",
    ""Image Generator"": ""Not Required/Required/NA"",
    ""Other"": {
      ""name"": ""Tool Name/NA"",
      ""classification"": ""Not Required/Required/NA""
    }
  },
  ""materials"": {
    ""Text"": ""Not Required/Required/NA"",
    ""Data"": ""Not Required/Required/NA"",
    ""Images"": ""Not Required/Required/NA"",
    ""Audio files"": ""Not Required/Required/NA"",
    ""Video files"": ""Not Required/Required/NA"",
    ""Virtual labs or sandbox environments"": ""Not Required/Required/NA"",
    ""Other"": {
      ""name"": ""Material Name/NA"",
      ""classification"": ""Not Required/Required/NA""
    }
  },
  ""feasiblity_practical"": true/false
  ""chain_of_thought"": ""Brief explanation (no more than 150 words).""
}
",1142.0,"Purchasing Agents, Except Wholesale, Retail, and Farm Products",Purchase the highest quality merchandise at the lowest possible price and in correct amounts.,True,True,"The task of purchasing agents can be performed remotely as it primarily involves analyzing data, negotiating with suppliers, and making purchasing decisions, all of which can be done online. Tools like spreadsheets and procurement software are essential for managing and analyzing data. A web browser is necessary for research and communication. PDF viewers are needed for reading contracts and specifications. Text and data materials are required to simulate real-world purchasing scenarios. Therefore, a practical remote exam is feasible.",Not Required,Required,Not Required,Required,Not Required,Required,Not Required,Procurement Software,Required,Required,Required,Not Required,Not Required,Not Required,Not Required,,,"['Spreadsheets', 'PDF viewer', 'Web Browser', 'Procurement Software']","['Text', 'Data']","['Spreadsheets', 'PDF viewer', 'Web Browser']","['Text', 'Data']"
10,10,"
Task ID: 1145.0

Your assignment is to determine if it is possible to design a meaningful, **practical** exam for this task that can be performed remotely and to identify the required tools and materials for the evaluation. 

**Definitions:**
- **Tools:** Software or applications (e.g., coding languages, code editor, spreadsheets, text editor, presentation software, image generator), that the candidate needs to use to complete the test.
- **Materials:** Digital content (e.g., data files, PDFs, images, audio files, virtual lab environments) that form part of the test content.
- **Practical exam:** A practical exam is a an exam actually testing whether the described task can be performed successfully. An exam testing the knowledge about the task is NOT a practical exam.

**Instructions:**
1. **Remote Feasibility:**  
   Evaluate whether the task can be performed online/remotely or if it requires in-person presence.
   - **If in-person required:** Output `""can_be_performed_remotely"": false` and set all other fields (tools and materials) to `""NA""`.
   - **If remote:** Output `""can_be_performed_remotely"": true` and continue with the evaluation.

2. **Tools Required:**  
   For each tool, assess whether it is needed for the task (Analyze price proposals, financial reports, and other data and information to determine reasonable prices.) for the role of Purchasing Agents, Except Wholesale, Retail, and Farm Products. Options are: ""Required"" or ""Not Required"". The tools include:
   - ""Coding""
   - ""Spreadsheets""
   - ""Text editor""
   - ""PDF viewer""
   - ""Presentation software""
   - ""Image Generator""
   - ""Web Browser""
   - ""Other"" (specify tool name and classification if needed; otherwise ""NA"")

3. **Materials Required:**  
   For each material, determine if it is necessary as part of the test to evaluate Purchasing Agents, Except Wholesale, Retail, and Farm Products's ability to perform the task (Analyze price proposals, financial reports, and other data and information to determine reasonable prices.). Options are: ""Required""or ""Not required"" The materials include:
   - ""Text""
   - ""Data""
   - ""Images""
   - ""Audio files""
   - ""Video files""
   - ""Virtual labs or sandbox environments""
   - ""Other"" (specify material name and classification if needed; otherwise ""NA"")

4. **Feasability of a practical exam:**
    Evaluate whether the task can meaningfuly be tested in a practical, remote exam.
    - If you think this is possible, answer True,
    - Otherwise answer False

5. **Chain-of-Thought Reasoning:**  
   Optionally, include a brief chain-of-thought explanation (no more than 150 words) for your evaluations in a field called `""chain_of_thought""`.

**Output Requirement:**  
Return a JSON object strictly adhering to the provided structure, without any extra commentary outside of the JSON fields.

**Expected JSON Structure:**
{
  ""task_id"": ""1145.0"",
  ""occupation"": ""Purchasing Agents, Except Wholesale, Retail, and Farm Products"",
  ""task_description"": ""Analyze price proposals, financial reports, and other data and information to determine reasonable prices."",
  ""can_be_performed_remotely"": true/false,
  ""tools"": {
    ""Coding"": ""Not Required/Required/NA"",
    ""Spreadsheets"": ""Not Required/Required/NA"",
    ""Text editor"": ""Not Required/Required/NA"",
    ""PDF viewer"": ""Not Required/Required/NA"", 
    ""Presentation software"": ""Not Required/Required/NA"",
    ""Web Browser"": ""Not Required/Required/NA"",
    ""Image Generator"": ""Not Required/Required/NA"",
    ""Other"": {
      ""name"": ""Tool Name/NA"",
      ""classification"": ""Not Required/Required/NA""
    }
  },
  ""materials"": {
    ""Text"": ""Not Required/Required/NA"",
    ""Data"": ""Not Required/Required/NA"",
    ""Images"": ""Not Required/Required/NA"",
    ""Audio files"": ""Not Required/Required/NA"",
    ""Video files"": ""Not Required/Required/NA"",
    ""Virtual labs or sandbox environments"": ""Not Required/Required/NA"",
    ""Other"": {
      ""name"": ""Material Name/NA"",
      ""classification"": ""Not Required/Required/NA""
    }
  },
  ""feasiblity_practical"": true/false
  ""chain_of_thought"": ""Brief explanation (no more than 150 words).""
}
",1145.0,"Purchasing Agents, Except Wholesale, Retail, and Farm Products","Analyze price proposals, financial reports, and other data and information to determine reasonable prices.",True,True,"The task of analyzing price proposals and financial reports can be performed remotely using digital tools. Spreadsheets are essential for data analysis, while a text editor and PDF viewer are needed for reviewing documents. A web browser is necessary for accessing online resources. The materials required include text and data files, which can be provided digitally. This setup allows for a practical exam to be conducted remotely, as it simulates the real-world environment in which purchasing agents typically operate.",Not Required,Required,Required,Required,Not Required,Required,Not Required,,,Required,Required,Not Required,Not Required,Not Required,Not Required,,,"['Spreadsheets', 'Text editor', 'PDF viewer', 'Web Browser']","['Text', 'Data']","['Spreadsheets', 'Text editor', 'PDF viewer', 'Web Browser']","['Text', 'Data']"
11,11,"
Task ID: 1159.0

Your assignment is to determine if it is possible to design a meaningful, **practical** exam for this task that can be performed remotely and to identify the required tools and materials for the evaluation. 

**Definitions:**
- **Tools:** Software or applications (e.g., coding languages, code editor, spreadsheets, text editor, presentation software, image generator), that the candidate needs to use to complete the test.
- **Materials:** Digital content (e.g., data files, PDFs, images, audio files, virtual lab environments) that form part of the test content.
- **Practical exam:** A practical exam is a an exam actually testing whether the described task can be performed successfully. An exam testing the knowledge about the task is NOT a practical exam.

**Instructions:**
1. **Remote Feasibility:**  
   Evaluate whether the task can be performed online/remotely or if it requires in-person presence.
   - **If in-person required:** Output `""can_be_performed_remotely"": false` and set all other fields (tools and materials) to `""NA""`.
   - **If remote:** Output `""can_be_performed_remotely"": true` and continue with the evaluation.

2. **Tools Required:**  
   For each tool, assess whether it is needed for the task (Formulate policies and procedures for bid proposals and procurement of goods and services.) for the role of Purchasing Agents, Except Wholesale, Retail, and Farm Products. Options are: ""Required"" or ""Not Required"". The tools include:
   - ""Coding""
   - ""Spreadsheets""
   - ""Text editor""
   - ""PDF viewer""
   - ""Presentation software""
   - ""Image Generator""
   - ""Web Browser""
   - ""Other"" (specify tool name and classification if needed; otherwise ""NA"")

3. **Materials Required:**  
   For each material, determine if it is necessary as part of the test to evaluate Purchasing Agents, Except Wholesale, Retail, and Farm Products's ability to perform the task (Formulate policies and procedures for bid proposals and procurement of goods and services.). Options are: ""Required""or ""Not required"" The materials include:
   - ""Text""
   - ""Data""
   - ""Images""
   - ""Audio files""
   - ""Video files""
   - ""Virtual labs or sandbox environments""
   - ""Other"" (specify material name and classification if needed; otherwise ""NA"")

4. **Feasability of a practical exam:**
    Evaluate whether the task can meaningfuly be tested in a practical, remote exam.
    - If you think this is possible, answer True,
    - Otherwise answer False

5. **Chain-of-Thought Reasoning:**  
   Optionally, include a brief chain-of-thought explanation (no more than 150 words) for your evaluations in a field called `""chain_of_thought""`.

**Output Requirement:**  
Return a JSON object strictly adhering to the provided structure, without any extra commentary outside of the JSON fields.

**Expected JSON Structure:**
{
  ""task_id"": ""1159.0"",
  ""occupation"": ""Purchasing Agents, Except Wholesale, Retail, and Farm Products"",
  ""task_description"": ""Formulate policies and procedures for bid proposals and procurement of goods and services."",
  ""can_be_performed_remotely"": true/false,
  ""tools"": {
    ""Coding"": ""Not Required/Required/NA"",
    ""Spreadsheets"": ""Not Required/Required/NA"",
    ""Text editor"": ""Not Required/Required/NA"",
    ""PDF viewer"": ""Not Required/Required/NA"", 
    ""Presentation software"": ""Not Required/Required/NA"",
    ""Web Browser"": ""Not Required/Required/NA"",
    ""Image Generator"": ""Not Required/Required/NA"",
    ""Other"": {
      ""name"": ""Tool Name/NA"",
      ""classification"": ""Not Required/Required/NA""
    }
  },
  ""materials"": {
    ""Text"": ""Not Required/Required/NA"",
    ""Data"": ""Not Required/Required/NA"",
    ""Images"": ""Not Required/Required/NA"",
    ""Audio files"": ""Not Required/Required/NA"",
    ""Video files"": ""Not Required/Required/NA"",
    ""Virtual labs or sandbox environments"": ""Not Required/Required/NA"",
    ""Other"": {
      ""name"": ""Material Name/NA"",
      ""classification"": ""Not Required/Required/NA""
    }
  },
  ""feasiblity_practical"": true/false
  ""chain_of_thought"": ""Brief explanation (no more than 150 words).""
}
",1159.0,"Purchasing Agents, Except Wholesale, Retail, and Farm Products",Formulate policies and procedures for bid proposals and procurement of goods and services.,True,True,"Formulating policies and procedures for procurement can be effectively tested remotely. Candidates can use spreadsheets and text editors to draft policies, while a PDF viewer and web browser are essential for reviewing documents and conducting research. Presentation software can be used to present their proposals. Procurement management software is crucial for simulating real-world procurement tasks. Text and data are necessary for creating and analyzing policies, while sample bid proposals provide practical context. This setup allows for a comprehensive evaluation of the candidate's ability to perform the task remotely.",Not Required,Required,Required,Required,Required,Required,Not Required,Procurement Management Software,Required,Required,Required,Not Required,Not Required,Not Required,Not Required,Sample Bid Proposals,Required,"['Spreadsheets', 'Text editor', 'PDF viewer', 'Presentation software', 'Web Browser', 'Procurement Management Software']","['Text', 'Data', 'Sample Bid Proposals']","['Spreadsheets', 'Text editor', 'PDF viewer', 'Presentation software', 'Web Browser']","['Text', 'Data']"
12,12,"
Task ID: 1151.0

Your assignment is to determine if it is possible to design a meaningful, **practical** exam for this task that can be performed remotely and to identify the required tools and materials for the evaluation. 

**Definitions:**
- **Tools:** Software or applications (e.g., coding languages, code editor, spreadsheets, text editor, presentation software, image generator), that the candidate needs to use to complete the test.
- **Materials:** Digital content (e.g., data files, PDFs, images, audio files, virtual lab environments) that form part of the test content.
- **Practical exam:** A practical exam is a an exam actually testing whether the described task can be performed successfully. An exam testing the knowledge about the task is NOT a practical exam.

**Instructions:**
1. **Remote Feasibility:**  
   Evaluate whether the task can be performed online/remotely or if it requires in-person presence.
   - **If in-person required:** Output `""can_be_performed_remotely"": false` and set all other fields (tools and materials) to `""NA""`.
   - **If remote:** Output `""can_be_performed_remotely"": true` and continue with the evaluation.

2. **Tools Required:**  
   For each tool, assess whether it is needed for the task (Maintain and review computerized or manual records of purchased items, costs, deliveries, product performance, and inventories.) for the role of Purchasing Agents, Except Wholesale, Retail, and Farm Products. Options are: ""Required"" or ""Not Required"". The tools include:
   - ""Coding""
   - ""Spreadsheets""
   - ""Text editor""
   - ""PDF viewer""
   - ""Presentation software""
   - ""Image Generator""
   - ""Web Browser""
   - ""Other"" (specify tool name and classification if needed; otherwise ""NA"")

3. **Materials Required:**  
   For each material, determine if it is necessary as part of the test to evaluate Purchasing Agents, Except Wholesale, Retail, and Farm Products's ability to perform the task (Maintain and review computerized or manual records of purchased items, costs, deliveries, product performance, and inventories.). Options are: ""Required""or ""Not required"" The materials include:
   - ""Text""
   - ""Data""
   - ""Images""
   - ""Audio files""
   - ""Video files""
   - ""Virtual labs or sandbox environments""
   - ""Other"" (specify material name and classification if needed; otherwise ""NA"")

4. **Feasability of a practical exam:**
    Evaluate whether the task can meaningfuly be tested in a practical, remote exam.
    - If you think this is possible, answer True,
    - Otherwise answer False

5. **Chain-of-Thought Reasoning:**  
   Optionally, include a brief chain-of-thought explanation (no more than 150 words) for your evaluations in a field called `""chain_of_thought""`.

**Output Requirement:**  
Return a JSON object strictly adhering to the provided structure, without any extra commentary outside of the JSON fields.

**Expected JSON Structure:**
{
  ""task_id"": ""1151.0"",
  ""occupation"": ""Purchasing Agents, Except Wholesale, Retail, and Farm Products"",
  ""task_description"": ""Maintain and review computerized or manual records of purchased items, costs, deliveries, product performance, and inventories."",
  ""can_be_performed_remotely"": true/false,
  ""tools"": {
    ""Coding"": ""Not Required/Required/NA"",
    ""Spreadsheets"": ""Not Required/Required/NA"",
    ""Text editor"": ""Not Required/Required/NA"",
    ""PDF viewer"": ""Not Required/Required/NA"", 
    ""Presentation software"": ""Not Required/Required/NA"",
    ""Web Browser"": ""Not Required/Required/NA"",
    ""Image Generator"": ""Not Required/Required/NA"",
    ""Other"": {
      ""name"": ""Tool Name/NA"",
      ""classification"": ""Not Required/Required/NA""
    }
  },
  ""materials"": {
    ""Text"": ""Not Required/Required/NA"",
    ""Data"": ""Not Required/Required/NA"",
    ""Images"": ""Not Required/Required/NA"",
    ""Audio files"": ""Not Required/Required/NA"",
    ""Video files"": ""Not Required/Required/NA"",
    ""Virtual labs or sandbox environments"": ""Not Required/Required/NA"",
    ""Other"": {
      ""name"": ""Material Name/NA"",
      ""classification"": ""Not Required/Required/NA""
    }
  },
  ""feasiblity_practical"": true/false
  ""chain_of_thought"": ""Brief explanation (no more than 150 words).""
}
",1151.0,"Purchasing Agents, Except Wholesale, Retail, and Farm Products","Maintain and review computerized or manual records of purchased items, costs, deliveries, product performance, and inventories.",True,True,"The task of maintaining and reviewing records can be performed remotely using digital tools. Spreadsheets and text editors are essential for organizing and documenting information. A PDF viewer is needed for reviewing documents, and a web browser is necessary for accessing online resources. Inventory management software is crucial for handling records efficiently. Text and data materials are required to simulate real-world scenarios. The task can be effectively tested in a practical, remote exam by providing candidates with data sets and requiring them to demonstrate their ability to manage and review records.",Not Required,Required,Required,Required,Not Required,Required,Not Required,Inventory Management Software,Required,Required,Required,Not Required,Not Required,Not Required,Not Required,,,"['Spreadsheets', 'Text editor', 'PDF viewer', 'Web Browser', 'Inventory Management Software']","['Text', 'Data']","['Spreadsheets', 'Text editor', 'PDF viewer', 'Web Browser']","['Text', 'Data']"
13,13,"
Task ID: 1144.0

Your assignment is to determine if it is possible to design a meaningful, **practical** exam for this task that can be performed remotely and to identify the required tools and materials for the evaluation. 

**Definitions:**
- **Tools:** Software or applications (e.g., coding languages, code editor, spreadsheets, text editor, presentation software, image generator), that the candidate needs to use to complete the test.
- **Materials:** Digital content (e.g., data files, PDFs, images, audio files, virtual lab environments) that form part of the test content.
- **Practical exam:** A practical exam is a an exam actually testing whether the described task can be performed successfully. An exam testing the knowledge about the task is NOT a practical exam.

**Instructions:**
1. **Remote Feasibility:**  
   Evaluate whether the task can be performed online/remotely or if it requires in-person presence.
   - **If in-person required:** Output `""can_be_performed_remotely"": false` and set all other fields (tools and materials) to `""NA""`.
   - **If remote:** Output `""can_be_performed_remotely"": true` and continue with the evaluation.

2. **Tools Required:**  
   For each tool, assess whether it is needed for the task (Research and evaluate suppliers, based on price, quality, selection, service, support, availability, reliability, production and distribution capabilities, and the supplier's reputation and history.) for the role of Purchasing Agents, Except Wholesale, Retail, and Farm Products. Options are: ""Required"" or ""Not Required"". The tools include:
   - ""Coding""
   - ""Spreadsheets""
   - ""Text editor""
   - ""PDF viewer""
   - ""Presentation software""
   - ""Image Generator""
   - ""Web Browser""
   - ""Other"" (specify tool name and classification if needed; otherwise ""NA"")

3. **Materials Required:**  
   For each material, determine if it is necessary as part of the test to evaluate Purchasing Agents, Except Wholesale, Retail, and Farm Products's ability to perform the task (Research and evaluate suppliers, based on price, quality, selection, service, support, availability, reliability, production and distribution capabilities, and the supplier's reputation and history.). Options are: ""Required""or ""Not required"" The materials include:
   - ""Text""
   - ""Data""
   - ""Images""
   - ""Audio files""
   - ""Video files""
   - ""Virtual labs or sandbox environments""
   - ""Other"" (specify material name and classification if needed; otherwise ""NA"")

4. **Feasability of a practical exam:**
    Evaluate whether the task can meaningfuly be tested in a practical, remote exam.
    - If you think this is possible, answer True,
    - Otherwise answer False

5. **Chain-of-Thought Reasoning:**  
   Optionally, include a brief chain-of-thought explanation (no more than 150 words) for your evaluations in a field called `""chain_of_thought""`.

**Output Requirement:**  
Return a JSON object strictly adhering to the provided structure, without any extra commentary outside of the JSON fields.

**Expected JSON Structure:**
{
  ""task_id"": ""1144.0"",
  ""occupation"": ""Purchasing Agents, Except Wholesale, Retail, and Farm Products"",
  ""task_description"": ""Research and evaluate suppliers, based on price, quality, selection, service, support, availability, reliability, production and distribution capabilities, and the supplier's reputation and history."",
  ""can_be_performed_remotely"": true/false,
  ""tools"": {
    ""Coding"": ""Not Required/Required/NA"",
    ""Spreadsheets"": ""Not Required/Required/NA"",
    ""Text editor"": ""Not Required/Required/NA"",
    ""PDF viewer"": ""Not Required/Required/NA"", 
    ""Presentation software"": ""Not Required/Required/NA"",
    ""Web Browser"": ""Not Required/Required/NA"",
    ""Image Generator"": ""Not Required/Required/NA"",
    ""Other"": {
      ""name"": ""Tool Name/NA"",
      ""classification"": ""Not Required/Required/NA""
    }
  },
  ""materials"": {
    ""Text"": ""Not Required/Required/NA"",
    ""Data"": ""Not Required/Required/NA"",
    ""Images"": ""Not Required/Required/NA"",
    ""Audio files"": ""Not Required/Required/NA"",
    ""Video files"": ""Not Required/Required/NA"",
    ""Virtual labs or sandbox environments"": ""Not Required/Required/NA"",
    ""Other"": {
      ""name"": ""Material Name/NA"",
      ""classification"": ""Not Required/Required/NA""
    }
  },
  ""feasiblity_practical"": true/false
  ""chain_of_thought"": ""Brief explanation (no more than 150 words).""
}
",1144.0,"Purchasing Agents, Except Wholesale, Retail, and Farm Products","Research and evaluate suppliers, based on price, quality, selection, service, support, availability, reliability, production and distribution capabilities, and the supplier's reputation and history.",True,True,"The task of researching and evaluating suppliers can be performed remotely using digital tools. Spreadsheets and text editors are essential for organizing and documenting findings. A web browser is crucial for online research, and a PDF viewer is needed for reading supplier documents. Supplier evaluation software can streamline the process. Text and data are necessary materials for analysis, and supplier profiles provide context. This setup allows for a practical exam to assess the candidate's ability to evaluate suppliers effectively.",Not Required,Required,Required,Required,Not Required,Required,Not Required,Supplier Evaluation Software,Required,Required,Required,Not Required,Not Required,Not Required,Not Required,Supplier Profiles,Required,"['Spreadsheets', 'Text editor', 'PDF viewer', 'Web Browser', 'Supplier Evaluation Software']","['Text', 'Data', 'Supplier Profiles']","['Spreadsheets', 'Text editor', 'PDF viewer', 'Web Browser']","['Text', 'Data']"
14,14,"
Task ID: 1153.0

Your assignment is to determine if it is possible to design a meaningful, **practical** exam for this task that can be performed remotely and to identify the required tools and materials for the evaluation. 

**Definitions:**
- **Tools:** Software or applications (e.g., coding languages, code editor, spreadsheets, text editor, presentation software, image generator), that the candidate needs to use to complete the test.
- **Materials:** Digital content (e.g., data files, PDFs, images, audio files, virtual lab environments) that form part of the test content.
- **Practical exam:** A practical exam is a an exam actually testing whether the described task can be performed successfully. An exam testing the knowledge about the task is NOT a practical exam.

**Instructions:**
1. **Remote Feasibility:**  
   Evaluate whether the task can be performed online/remotely or if it requires in-person presence.
   - **If in-person required:** Output `""can_be_performed_remotely"": false` and set all other fields (tools and materials) to `""NA""`.
   - **If remote:** Output `""can_be_performed_remotely"": true` and continue with the evaluation.

2. **Tools Required:**  
   For each tool, assess whether it is needed for the task (Study sales records and inventory levels of current stock to develop strategic purchasing programs that facilitate employee access to supplies.) for the role of Purchasing Agents, Except Wholesale, Retail, and Farm Products. Options are: ""Required"" or ""Not Required"". The tools include:
   - ""Coding""
   - ""Spreadsheets""
   - ""Text editor""
   - ""PDF viewer""
   - ""Presentation software""
   - ""Image Generator""
   - ""Web Browser""
   - ""Other"" (specify tool name and classification if needed; otherwise ""NA"")

3. **Materials Required:**  
   For each material, determine if it is necessary as part of the test to evaluate Purchasing Agents, Except Wholesale, Retail, and Farm Products's ability to perform the task (Study sales records and inventory levels of current stock to develop strategic purchasing programs that facilitate employee access to supplies.). Options are: ""Required""or ""Not required"" The materials include:
   - ""Text""
   - ""Data""
   - ""Images""
   - ""Audio files""
   - ""Video files""
   - ""Virtual labs or sandbox environments""
   - ""Other"" (specify material name and classification if needed; otherwise ""NA"")

4. **Feasability of a practical exam:**
    Evaluate whether the task can meaningfuly be tested in a practical, remote exam.
    - If you think this is possible, answer True,
    - Otherwise answer False

5. **Chain-of-Thought Reasoning:**  
   Optionally, include a brief chain-of-thought explanation (no more than 150 words) for your evaluations in a field called `""chain_of_thought""`.

**Output Requirement:**  
Return a JSON object strictly adhering to the provided structure, without any extra commentary outside of the JSON fields.

**Expected JSON Structure:**
{
  ""task_id"": ""1153.0"",
  ""occupation"": ""Purchasing Agents, Except Wholesale, Retail, and Farm Products"",
  ""task_description"": ""Study sales records and inventory levels of current stock to develop strategic purchasing programs that facilitate employee access to supplies."",
  ""can_be_performed_remotely"": true/false,
  ""tools"": {
    ""Coding"": ""Not Required/Required/NA"",
    ""Spreadsheets"": ""Not Required/Required/NA"",
    ""Text editor"": ""Not Required/Required/NA"",
    ""PDF viewer"": ""Not Required/Required/NA"", 
    ""Presentation software"": ""Not Required/Required/NA"",
    ""Web Browser"": ""Not Required/Required/NA"",
    ""Image Generator"": ""Not Required/Required/NA"",
    ""Other"": {
      ""name"": ""Tool Name/NA"",
      ""classification"": ""Not Required/Required/NA""
    }
  },
  ""materials"": {
    ""Text"": ""Not Required/Required/NA"",
    ""Data"": ""Not Required/Required/NA"",
    ""Images"": ""Not Required/Required/NA"",
    ""Audio files"": ""Not Required/Required/NA"",
    ""Video files"": ""Not Required/Required/NA"",
    ""Virtual labs or sandbox environments"": ""Not Required/Required/NA"",
    ""Other"": {
      ""name"": ""Material Name/NA"",
      ""classification"": ""Not Required/Required/NA""
    }
  },
  ""feasiblity_practical"": true/false
  ""chain_of_thought"": ""Brief explanation (no more than 150 words).""
}
",1153.0,"Purchasing Agents, Except Wholesale, Retail, and Farm Products",Study sales records and inventory levels of current stock to develop strategic purchasing programs that facilitate employee access to supplies.,True,True,"The task involves analyzing sales records and inventory data, which can be done remotely using digital tools. Spreadsheets are essential for data analysis, while a text editor and PDF viewer are needed for documentation and reviewing reports. A web browser is necessary for accessing online resources or databases. The required materials include text and data files to simulate real-world scenarios. This setup allows for a practical exam to be conducted remotely, testing the candidate's ability to develop strategic purchasing programs based on provided data.",Not Required,Required,Required,Required,Not Required,Required,Not Required,,,Required,Required,Not Required,Not Required,Not Required,Not Required,,,"['Spreadsheets', 'Text editor', 'PDF viewer', 'Web Browser']","['Text', 'Data']","['Spreadsheets', 'Text editor', 'PDF viewer', 'Web Browser']","['Text', 'Data']"
15,15,"
Task ID: 1157.0

Your assignment is to determine if it is possible to design a meaningful, **practical** exam for this task that can be performed remotely and to identify the required tools and materials for the evaluation. 

**Definitions:**
- **Tools:** Software or applications (e.g., coding languages, code editor, spreadsheets, text editor, presentation software, image generator), that the candidate needs to use to complete the test.
- **Materials:** Digital content (e.g., data files, PDFs, images, audio files, virtual lab environments) that form part of the test content.
- **Practical exam:** A practical exam is a an exam actually testing whether the described task can be performed successfully. An exam testing the knowledge about the task is NOT a practical exam.

**Instructions:**
1. **Remote Feasibility:**  
   Evaluate whether the task can be performed online/remotely or if it requires in-person presence.
   - **If in-person required:** Output `""can_be_performed_remotely"": false` and set all other fields (tools and materials) to `""NA""`.
   - **If remote:** Output `""can_be_performed_remotely"": true` and continue with the evaluation.

2. **Tools Required:**  
   For each tool, assess whether it is needed for the task (Write and review product specifications, maintaining a working technical knowledge of the goods or services to be purchased.) for the role of Purchasing Agents, Except Wholesale, Retail, and Farm Products. Options are: ""Required"" or ""Not Required"". The tools include:
   - ""Coding""
   - ""Spreadsheets""
   - ""Text editor""
   - ""PDF viewer""
   - ""Presentation software""
   - ""Image Generator""
   - ""Web Browser""
   - ""Other"" (specify tool name and classification if needed; otherwise ""NA"")

3. **Materials Required:**  
   For each material, determine if it is necessary as part of the test to evaluate Purchasing Agents, Except Wholesale, Retail, and Farm Products's ability to perform the task (Write and review product specifications, maintaining a working technical knowledge of the goods or services to be purchased.). Options are: ""Required""or ""Not required"" The materials include:
   - ""Text""
   - ""Data""
   - ""Images""
   - ""Audio files""
   - ""Video files""
   - ""Virtual labs or sandbox environments""
   - ""Other"" (specify material name and classification if needed; otherwise ""NA"")

4. **Feasability of a practical exam:**
    Evaluate whether the task can meaningfuly be tested in a practical, remote exam.
    - If you think this is possible, answer True,
    - Otherwise answer False

5. **Chain-of-Thought Reasoning:**  
   Optionally, include a brief chain-of-thought explanation (no more than 150 words) for your evaluations in a field called `""chain_of_thought""`.

**Output Requirement:**  
Return a JSON object strictly adhering to the provided structure, without any extra commentary outside of the JSON fields.

**Expected JSON Structure:**
{
  ""task_id"": ""1157.0"",
  ""occupation"": ""Purchasing Agents, Except Wholesale, Retail, and Farm Products"",
  ""task_description"": ""Write and review product specifications, maintaining a working technical knowledge of the goods or services to be purchased."",
  ""can_be_performed_remotely"": true/false,
  ""tools"": {
    ""Coding"": ""Not Required/Required/NA"",
    ""Spreadsheets"": ""Not Required/Required/NA"",
    ""Text editor"": ""Not Required/Required/NA"",
    ""PDF viewer"": ""Not Required/Required/NA"", 
    ""Presentation software"": ""Not Required/Required/NA"",
    ""Web Browser"": ""Not Required/Required/NA"",
    ""Image Generator"": ""Not Required/Required/NA"",
    ""Other"": {
      ""name"": ""Tool Name/NA"",
      ""classification"": ""Not Required/Required/NA""
    }
  },
  ""materials"": {
    ""Text"": ""Not Required/Required/NA"",
    ""Data"": ""Not Required/Required/NA"",
    ""Images"": ""Not Required/Required/NA"",
    ""Audio files"": ""Not Required/Required/NA"",
    ""Video files"": ""Not Required/Required/NA"",
    ""Virtual labs or sandbox environments"": ""Not Required/Required/NA"",
    ""Other"": {
      ""name"": ""Material Name/NA"",
      ""classification"": ""Not Required/Required/NA""
    }
  },
  ""feasiblity_practical"": true/false
  ""chain_of_thought"": ""Brief explanation (no more than 150 words).""
}
",1157.0,"Purchasing Agents, Except Wholesale, Retail, and Farm Products","Write and review product specifications, maintaining a working technical knowledge of the goods or services to be purchased.",True,True,"The task of writing and reviewing product specifications can be performed remotely as it primarily involves document creation and analysis, which can be done using digital tools. A text editor and PDF viewer are essential for drafting and reviewing specifications. Spreadsheets may be needed for data analysis related to product specifications. A web browser is necessary for research and accessing online resources. Text and data materials are required to provide context and information for the specifications. This setup allows for a practical exam to be conducted remotely.",Not Required,Required,Required,Required,Not Required,Required,Not Required,,,Required,Required,Not Required,Not Required,Not Required,Not Required,,,"['Spreadsheets', 'Text editor', 'PDF viewer', 'Web Browser']","['Text', 'Data']","['Spreadsheets', 'Text editor', 'PDF viewer', 'Web Browser']","['Text', 'Data']"
16,16,"
Task ID: 1152.0

Your assignment is to determine if it is possible to design a meaningful, **practical** exam for this task that can be performed remotely and to identify the required tools and materials for the evaluation. 

**Definitions:**
- **Tools:** Software or applications (e.g., coding languages, code editor, spreadsheets, text editor, presentation software, image generator), that the candidate needs to use to complete the test.
- **Materials:** Digital content (e.g., data files, PDFs, images, audio files, virtual lab environments) that form part of the test content.
- **Practical exam:** A practical exam is a an exam actually testing whether the described task can be performed successfully. An exam testing the knowledge about the task is NOT a practical exam.

**Instructions:**
1. **Remote Feasibility:**  
   Evaluate whether the task can be performed online/remotely or if it requires in-person presence.
   - **If in-person required:** Output `""can_be_performed_remotely"": false` and set all other fields (tools and materials) to `""NA""`.
   - **If remote:** Output `""can_be_performed_remotely"": true` and continue with the evaluation.

2. **Tools Required:**  
   For each tool, assess whether it is needed for the task (Review catalogs, industry periodicals, directories, trade journals, and Internet sites and consult with other department personnel to locate necessary goods and services.) for the role of Purchasing Agents, Except Wholesale, Retail, and Farm Products. Options are: ""Required"" or ""Not Required"". The tools include:
   - ""Coding""
   - ""Spreadsheets""
   - ""Text editor""
   - ""PDF viewer""
   - ""Presentation software""
   - ""Image Generator""
   - ""Web Browser""
   - ""Other"" (specify tool name and classification if needed; otherwise ""NA"")

3. **Materials Required:**  
   For each material, determine if it is necessary as part of the test to evaluate Purchasing Agents, Except Wholesale, Retail, and Farm Products's ability to perform the task (Review catalogs, industry periodicals, directories, trade journals, and Internet sites and consult with other department personnel to locate necessary goods and services.). Options are: ""Required""or ""Not required"" The materials include:
   - ""Text""
   - ""Data""
   - ""Images""
   - ""Audio files""
   - ""Video files""
   - ""Virtual labs or sandbox environments""
   - ""Other"" (specify material name and classification if needed; otherwise ""NA"")

4. **Feasability of a practical exam:**
    Evaluate whether the task can meaningfuly be tested in a practical, remote exam.
    - If you think this is possible, answer True,
    - Otherwise answer False

5. **Chain-of-Thought Reasoning:**  
   Optionally, include a brief chain-of-thought explanation (no more than 150 words) for your evaluations in a field called `""chain_of_thought""`.

**Output Requirement:**  
Return a JSON object strictly adhering to the provided structure, without any extra commentary outside of the JSON fields.

**Expected JSON Structure:**
{
  ""task_id"": ""1152.0"",
  ""occupation"": ""Purchasing Agents, Except Wholesale, Retail, and Farm Products"",
  ""task_description"": ""Review catalogs, industry periodicals, directories, trade journals, and Internet sites and consult with other department personnel to locate necessary goods and services."",
  ""can_be_performed_remotely"": true/false,
  ""tools"": {
    ""Coding"": ""Not Required/Required/NA"",
    ""Spreadsheets"": ""Not Required/Required/NA"",
    ""Text editor"": ""Not Required/Required/NA"",
    ""PDF viewer"": ""Not Required/Required/NA"", 
    ""Presentation software"": ""Not Required/Required/NA"",
    ""Web Browser"": ""Not Required/Required/NA"",
    ""Image Generator"": ""Not Required/Required/NA"",
    ""Other"": {
      ""name"": ""Tool Name/NA"",
      ""classification"": ""Not Required/Required/NA""
    }
  },
  ""materials"": {
    ""Text"": ""Not Required/Required/NA"",
    ""Data"": ""Not Required/Required/NA"",
    ""Images"": ""Not Required/Required/NA"",
    ""Audio files"": ""Not Required/Required/NA"",
    ""Video files"": ""Not Required/Required/NA"",
    ""Virtual labs or sandbox environments"": ""Not Required/Required/NA"",
    ""Other"": {
      ""name"": ""Material Name/NA"",
      ""classification"": ""Not Required/Required/NA""
    }
  },
  ""feasiblity_practical"": true/false
  ""chain_of_thought"": ""Brief explanation (no more than 150 words).""
}
",1152.0,"Purchasing Agents, Except Wholesale, Retail, and Farm Products","Review catalogs, industry periodicals, directories, trade journals, and Internet sites and consult with other department personnel to locate necessary goods and services.",True,True,"The task involves reviewing various sources and consulting with personnel, which can be done remotely using digital tools. A web browser is essential for accessing online catalogs and directories. Spreadsheets and text editors are useful for organizing and documenting findings. A PDF viewer is needed for reading digital periodicals. Communication software is necessary for consulting with department personnel. Text and data materials are required to simulate real-world scenarios. This setup allows for a practical exam to be conducted remotely.",Not Required,Required,Required,Required,Not Required,Required,Not Required,"Communication Software (e.g., Slack, Microsoft Teams)",Required,Required,Required,Not Required,Not Required,Not Required,Not Required,,,"['Spreadsheets', 'Text editor', 'PDF viewer', 'Web Browser', 'Communication Software (e.g., Slack, Microsoft Teams)']","['Text', 'Data']","['Spreadsheets', 'Text editor', 'PDF viewer', 'Web Browser']","['Text', 'Data']"
17,17,"
Task ID: 1158.0

Your assignment is to determine if it is possible to design a meaningful, **practical** exam for this task that can be performed remotely and to identify the required tools and materials for the evaluation. 

**Definitions:**
- **Tools:** Software or applications (e.g., coding languages, code editor, spreadsheets, text editor, presentation software, image generator), that the candidate needs to use to complete the test.
- **Materials:** Digital content (e.g., data files, PDFs, images, audio files, virtual lab environments) that form part of the test content.
- **Practical exam:** A practical exam is a an exam actually testing whether the described task can be performed successfully. An exam testing the knowledge about the task is NOT a practical exam.

**Instructions:**
1. **Remote Feasibility:**  
   Evaluate whether the task can be performed online/remotely or if it requires in-person presence.
   - **If in-person required:** Output `""can_be_performed_remotely"": false` and set all other fields (tools and materials) to `""NA""`.
   - **If remote:** Output `""can_be_performed_remotely"": true` and continue with the evaluation.

2. **Tools Required:**  
   For each tool, assess whether it is needed for the task (Monitor changes affecting supply and demand, tracking market conditions, price trends, or futures markets.) for the role of Purchasing Agents, Except Wholesale, Retail, and Farm Products. Options are: ""Required"" or ""Not Required"". The tools include:
   - ""Coding""
   - ""Spreadsheets""
   - ""Text editor""
   - ""PDF viewer""
   - ""Presentation software""
   - ""Image Generator""
   - ""Web Browser""
   - ""Other"" (specify tool name and classification if needed; otherwise ""NA"")

3. **Materials Required:**  
   For each material, determine if it is necessary as part of the test to evaluate Purchasing Agents, Except Wholesale, Retail, and Farm Products's ability to perform the task (Monitor changes affecting supply and demand, tracking market conditions, price trends, or futures markets.). Options are: ""Required""or ""Not required"" The materials include:
   - ""Text""
   - ""Data""
   - ""Images""
   - ""Audio files""
   - ""Video files""
   - ""Virtual labs or sandbox environments""
   - ""Other"" (specify material name and classification if needed; otherwise ""NA"")

4. **Feasability of a practical exam:**
    Evaluate whether the task can meaningfuly be tested in a practical, remote exam.
    - If you think this is possible, answer True,
    - Otherwise answer False

5. **Chain-of-Thought Reasoning:**  
   Optionally, include a brief chain-of-thought explanation (no more than 150 words) for your evaluations in a field called `""chain_of_thought""`.

**Output Requirement:**  
Return a JSON object strictly adhering to the provided structure, without any extra commentary outside of the JSON fields.

**Expected JSON Structure:**
{
  ""task_id"": ""1158.0"",
  ""occupation"": ""Purchasing Agents, Except Wholesale, Retail, and Farm Products"",
  ""task_description"": ""Monitor changes affecting supply and demand, tracking market conditions, price trends, or futures markets."",
  ""can_be_performed_remotely"": true/false,
  ""tools"": {
    ""Coding"": ""Not Required/Required/NA"",
    ""Spreadsheets"": ""Not Required/Required/NA"",
    ""Text editor"": ""Not Required/Required/NA"",
    ""PDF viewer"": ""Not Required/Required/NA"", 
    ""Presentation software"": ""Not Required/Required/NA"",
    ""Web Browser"": ""Not Required/Required/NA"",
    ""Image Generator"": ""Not Required/Required/NA"",
    ""Other"": {
      ""name"": ""Tool Name/NA"",
      ""classification"": ""Not Required/Required/NA""
    }
  },
  ""materials"": {
    ""Text"": ""Not Required/Required/NA"",
    ""Data"": ""Not Required/Required/NA"",
    ""Images"": ""Not Required/Required/NA"",
    ""Audio files"": ""Not Required/Required/NA"",
    ""Video files"": ""Not Required/Required/NA"",
    ""Virtual labs or sandbox environments"": ""Not Required/Required/NA"",
    ""Other"": {
      ""name"": ""Material Name/NA"",
      ""classification"": ""Not Required/Required/NA""
    }
  },
  ""feasiblity_practical"": true/false
  ""chain_of_thought"": ""Brief explanation (no more than 150 words).""
}
",1158.0,"Purchasing Agents, Except Wholesale, Retail, and Farm Products","Monitor changes affecting supply and demand, tracking market conditions, price trends, or futures markets.",True,True,"The task of monitoring supply and demand changes, market conditions, and price trends can be performed remotely using digital tools. Spreadsheets and web browsers are essential for data analysis and accessing market information. Market analysis software can provide real-time data and insights. Data files are necessary to simulate real-world scenarios. A practical exam can be designed to test the candidate's ability to analyze data, interpret market trends, and make informed purchasing decisions, all of which can be done online.",Not Required,Required,Not Required,Not Required,Not Required,Required,Not Required,Market Analysis Software,Required,Not Required,Required,Not Required,Not Required,Not Required,Not Required,,,"['Spreadsheets', 'Web Browser', 'Market Analysis Software']",['Data'],"['Spreadsheets', 'Web Browser']",['Data']
18,18,"
Task ID: 1155.0

Your assignment is to determine if it is possible to design a meaningful, **practical** exam for this task that can be performed remotely and to identify the required tools and materials for the evaluation. 

**Definitions:**
- **Tools:** Software or applications (e.g., coding languages, code editor, spreadsheets, text editor, presentation software, image generator), that the candidate needs to use to complete the test.
- **Materials:** Digital content (e.g., data files, PDFs, images, audio files, virtual lab environments) that form part of the test content.
- **Practical exam:** A practical exam is a an exam actually testing whether the described task can be performed successfully. An exam testing the knowledge about the task is NOT a practical exam.

**Instructions:**
1. **Remote Feasibility:**  
   Evaluate whether the task can be performed online/remotely or if it requires in-person presence.
   - **If in-person required:** Output `""can_be_performed_remotely"": false` and set all other fields (tools and materials) to `""NA""`.
   - **If remote:** Output `""can_be_performed_remotely"": true` and continue with the evaluation.

2. **Tools Required:**  
   For each tool, assess whether it is needed for the task (Arrange the payment of duty and freight charges.) for the role of Purchasing Agents, Except Wholesale, Retail, and Farm Products. Options are: ""Required"" or ""Not Required"". The tools include:
   - ""Coding""
   - ""Spreadsheets""
   - ""Text editor""
   - ""PDF viewer""
   - ""Presentation software""
   - ""Image Generator""
   - ""Web Browser""
   - ""Other"" (specify tool name and classification if needed; otherwise ""NA"")

3. **Materials Required:**  
   For each material, determine if it is necessary as part of the test to evaluate Purchasing Agents, Except Wholesale, Retail, and Farm Products's ability to perform the task (Arrange the payment of duty and freight charges.). Options are: ""Required""or ""Not required"" The materials include:
   - ""Text""
   - ""Data""
   - ""Images""
   - ""Audio files""
   - ""Video files""
   - ""Virtual labs or sandbox environments""
   - ""Other"" (specify material name and classification if needed; otherwise ""NA"")

4. **Feasability of a practical exam:**
    Evaluate whether the task can meaningfuly be tested in a practical, remote exam.
    - If you think this is possible, answer True,
    - Otherwise answer False

5. **Chain-of-Thought Reasoning:**  
   Optionally, include a brief chain-of-thought explanation (no more than 150 words) for your evaluations in a field called `""chain_of_thought""`.

**Output Requirement:**  
Return a JSON object strictly adhering to the provided structure, without any extra commentary outside of the JSON fields.

**Expected JSON Structure:**
{
  ""task_id"": ""1155.0"",
  ""occupation"": ""Purchasing Agents, Except Wholesale, Retail, and Farm Products"",
  ""task_description"": ""Arrange the payment of duty and freight charges."",
  ""can_be_performed_remotely"": true/false,
  ""tools"": {
    ""Coding"": ""Not Required/Required/NA"",
    ""Spreadsheets"": ""Not Required/Required/NA"",
    ""Text editor"": ""Not Required/Required/NA"",
    ""PDF viewer"": ""Not Required/Required/NA"", 
    ""Presentation software"": ""Not Required/Required/NA"",
    ""Web Browser"": ""Not Required/Required/NA"",
    ""Image Generator"": ""Not Required/Required/NA"",
    ""Other"": {
      ""name"": ""Tool Name/NA"",
      ""classification"": ""Not Required/Required/NA""
    }
  },
  ""materials"": {
    ""Text"": ""Not Required/Required/NA"",
    ""Data"": ""Not Required/Required/NA"",
    ""Images"": ""Not Required/Required/NA"",
    ""Audio files"": ""Not Required/Required/NA"",
    ""Video files"": ""Not Required/Required/NA"",
    ""Virtual labs or sandbox environments"": ""Not Required/Required/NA"",
    ""Other"": {
      ""name"": ""Material Name/NA"",
      ""classification"": ""Not Required/Required/NA""
    }
  },
  ""feasiblity_practical"": true/false
  ""chain_of_thought"": ""Brief explanation (no more than 150 words).""
}
",1155.0,"Purchasing Agents, Except Wholesale, Retail, and Farm Products",Arrange the payment of duty and freight charges.,True,True,Arranging the payment of duty and freight charges can be performed remotely as it primarily involves digital tools and data. Spreadsheets and accounting software are essential for calculations and processing payments. A PDF viewer is needed to read invoices and related documents. A web browser is necessary for accessing online payment platforms and communication with vendors. Text and data files are required to simulate real-world scenarios. This setup allows for a practical exam to test the candidate's ability to handle such tasks effectively.,Not Required,Required,Not Required,Required,Not Required,Required,Not Required,Accounting Software,Required,Required,Required,Not Required,Not Required,Not Required,Not Required,,,"['Spreadsheets', 'PDF viewer', 'Web Browser', 'Accounting Software']","['Text', 'Data']","['Spreadsheets', 'PDF viewer', 'Web Browser']","['Text', 'Data']"
19,19,"
Task ID: 21417.0

Your assignment is to determine if it is possible to design a meaningful, **practical** exam for this task that can be performed remotely and to identify the required tools and materials for the evaluation. 

**Definitions:**
- **Tools:** Software or applications (e.g., coding languages, code editor, spreadsheets, text editor, presentation software, image generator), that the candidate needs to use to complete the test.
- **Materials:** Digital content (e.g., data files, PDFs, images, audio files, virtual lab environments) that form part of the test content.
- **Practical exam:** A practical exam is a an exam actually testing whether the described task can be performed successfully. An exam testing the knowledge about the task is NOT a practical exam.

**Instructions:**
1. **Remote Feasibility:**  
   Evaluate whether the task can be performed online/remotely or if it requires in-person presence.
   - **If in-person required:** Output `""can_be_performed_remotely"": false` and set all other fields (tools and materials) to `""NA""`.
   - **If remote:** Output `""can_be_performed_remotely"": true` and continue with the evaluation.

2. **Tools Required:**  
   For each tool, assess whether it is needed for the task (Examine claims forms and other records to determine insurance coverage.) for the role of Claims Adjusters, Examiners, and Investigators. Options are: ""Required"" or ""Not Required"". The tools include:
   - ""Coding""
   - ""Spreadsheets""
   - ""Text editor""
   - ""PDF viewer""
   - ""Presentation software""
   - ""Image Generator""
   - ""Web Browser""
   - ""Other"" (specify tool name and classification if needed; otherwise ""NA"")

3. **Materials Required:**  
   For each material, determine if it is necessary as part of the test to evaluate Claims Adjusters, Examiners, and Investigators's ability to perform the task (Examine claims forms and other records to determine insurance coverage.). Options are: ""Required""or ""Not required"" The materials include:
   - ""Text""
   - ""Data""
   - ""Images""
   - ""Audio files""
   - ""Video files""
   - ""Virtual labs or sandbox environments""
   - ""Other"" (specify material name and classification if needed; otherwise ""NA"")

4. **Feasability of a practical exam:**
    Evaluate whether the task can meaningfuly be tested in a practical, remote exam.
    - If you think this is possible, answer True,
    - Otherwise answer False

5. **Chain-of-Thought Reasoning:**  
   Optionally, include a brief chain-of-thought explanation (no more than 150 words) for your evaluations in a field called `""chain_of_thought""`.

**Output Requirement:**  
Return a JSON object strictly adhering to the provided structure, without any extra commentary outside of the JSON fields.

**Expected JSON Structure:**
{
  ""task_id"": ""21417.0"",
  ""occupation"": ""Claims Adjusters, Examiners, and Investigators"",
  ""task_description"": ""Examine claims forms and other records to determine insurance coverage."",
  ""can_be_performed_remotely"": true/false,
  ""tools"": {
    ""Coding"": ""Not Required/Required/NA"",
    ""Spreadsheets"": ""Not Required/Required/NA"",
    ""Text editor"": ""Not Required/Required/NA"",
    ""PDF viewer"": ""Not Required/Required/NA"", 
    ""Presentation software"": ""Not Required/Required/NA"",
    ""Web Browser"": ""Not Required/Required/NA"",
    ""Image Generator"": ""Not Required/Required/NA"",
    ""Other"": {
      ""name"": ""Tool Name/NA"",
      ""classification"": ""Not Required/Required/NA""
    }
  },
  ""materials"": {
    ""Text"": ""Not Required/Required/NA"",
    ""Data"": ""Not Required/Required/NA"",
    ""Images"": ""Not Required/Required/NA"",
    ""Audio files"": ""Not Required/Required/NA"",
    ""Video files"": ""Not Required/Required/NA"",
    ""Virtual labs or sandbox environments"": ""Not Required/Required/NA"",
    ""Other"": {
      ""name"": ""Material Name/NA"",
      ""classification"": ""Not Required/Required/NA""
    }
  },
  ""feasiblity_practical"": true/false
  ""chain_of_thought"": ""Brief explanation (no more than 150 words).""
}
",21417.0,"Claims Adjusters, Examiners, and Investigators",Examine claims forms and other records to determine insurance coverage.,True,True,"The task of examining claims forms and other records to determine insurance coverage can be performed remotely as it primarily involves reviewing digital documents and data. Tools like spreadsheets, text editors, PDF viewers, and web browsers are essential for accessing and analyzing claims information. Claims management software is also crucial for simulating real-world scenarios. Materials such as text, data, and sample claims forms are necessary to provide a realistic context for the exam. Therefore, a practical, remote exam is feasible for this task.",Not Required,Required,Required,Required,Not Required,Required,Not Required,Claims Management Software,Required,Required,Required,Not Required,Not Required,Not Required,Not Required,Sample Claims Forms,Required,"['Spreadsheets', 'Text editor', 'PDF viewer', 'Web Browser', 'Claims Management Software']","['Text', 'Data', 'Sample Claims Forms']","['Spreadsheets', 'Text editor', 'PDF viewer', 'Web Browser']","['Text', 'Data']"
20,20,"
Task ID: 21418.0

Your assignment is to determine if it is possible to design a meaningful, **practical** exam for this task that can be performed remotely and to identify the required tools and materials for the evaluation. 

**Definitions:**
- **Tools:** Software or applications (e.g., coding languages, code editor, spreadsheets, text editor, presentation software, image generator), that the candidate needs to use to complete the test.
- **Materials:** Digital content (e.g., data files, PDFs, images, audio files, virtual lab environments) that form part of the test content.
- **Practical exam:** A practical exam is a an exam actually testing whether the described task can be performed successfully. An exam testing the knowledge about the task is NOT a practical exam.

**Instructions:**
1. **Remote Feasibility:**  
   Evaluate whether the task can be performed online/remotely or if it requires in-person presence.
   - **If in-person required:** Output `""can_be_performed_remotely"": false` and set all other fields (tools and materials) to `""NA""`.
   - **If remote:** Output `""can_be_performed_remotely"": true` and continue with the evaluation.

2. **Tools Required:**  
   For each tool, assess whether it is needed for the task (Analyze information gathered by investigation and report findings and recommendations.) for the role of Claims Adjusters, Examiners, and Investigators. Options are: ""Required"" or ""Not Required"". The tools include:
   - ""Coding""
   - ""Spreadsheets""
   - ""Text editor""
   - ""PDF viewer""
   - ""Presentation software""
   - ""Image Generator""
   - ""Web Browser""
   - ""Other"" (specify tool name and classification if needed; otherwise ""NA"")

3. **Materials Required:**  
   For each material, determine if it is necessary as part of the test to evaluate Claims Adjusters, Examiners, and Investigators's ability to perform the task (Analyze information gathered by investigation and report findings and recommendations.). Options are: ""Required""or ""Not required"" The materials include:
   - ""Text""
   - ""Data""
   - ""Images""
   - ""Audio files""
   - ""Video files""
   - ""Virtual labs or sandbox environments""
   - ""Other"" (specify material name and classification if needed; otherwise ""NA"")

4. **Feasability of a practical exam:**
    Evaluate whether the task can meaningfuly be tested in a practical, remote exam.
    - If you think this is possible, answer True,
    - Otherwise answer False

5. **Chain-of-Thought Reasoning:**  
   Optionally, include a brief chain-of-thought explanation (no more than 150 words) for your evaluations in a field called `""chain_of_thought""`.

**Output Requirement:**  
Return a JSON object strictly adhering to the provided structure, without any extra commentary outside of the JSON fields.

**Expected JSON Structure:**
{
  ""task_id"": ""21418.0"",
  ""occupation"": ""Claims Adjusters, Examiners, and Investigators"",
  ""task_description"": ""Analyze information gathered by investigation and report findings and recommendations."",
  ""can_be_performed_remotely"": true/false,
  ""tools"": {
    ""Coding"": ""Not Required/Required/NA"",
    ""Spreadsheets"": ""Not Required/Required/NA"",
    ""Text editor"": ""Not Required/Required/NA"",
    ""PDF viewer"": ""Not Required/Required/NA"", 
    ""Presentation software"": ""Not Required/Required/NA"",
    ""Web Browser"": ""Not Required/Required/NA"",
    ""Image Generator"": ""Not Required/Required/NA"",
    ""Other"": {
      ""name"": ""Tool Name/NA"",
      ""classification"": ""Not Required/Required/NA""
    }
  },
  ""materials"": {
    ""Text"": ""Not Required/Required/NA"",
    ""Data"": ""Not Required/Required/NA"",
    ""Images"": ""Not Required/Required/NA"",
    ""Audio files"": ""Not Required/Required/NA"",
    ""Video files"": ""Not Required/Required/NA"",
    ""Virtual labs or sandbox environments"": ""Not Required/Required/NA"",
    ""Other"": {
      ""name"": ""Material Name/NA"",
      ""classification"": ""Not Required/Required/NA""
    }
  },
  ""feasiblity_practical"": true/false
  ""chain_of_thought"": ""Brief explanation (no more than 150 words).""
}
",21418.0,"Claims Adjusters, Examiners, and Investigators",Analyze information gathered by investigation and report findings and recommendations.,True,True,"The task of analyzing information and reporting findings can be performed remotely as it primarily involves reviewing documents, data, and images, which can be shared digitally. Tools like spreadsheets, text editors, and presentation software are essential for organizing data, drafting reports, and presenting findings. A web browser is necessary for accessing online resources or databases. Materials such as text, data, and images are required to simulate real-world scenarios. This setup allows for a practical exam that effectively evaluates the candidate's ability to perform the task remotely.",Not Required,Required,Required,Required,Required,Required,Not Required,,,Required,Required,Required,Not Required,Not Required,Not Required,,,"['Spreadsheets', 'Text editor', 'PDF viewer', 'Presentation software', 'Web Browser']","['Text', 'Data', 'Images']","['Spreadsheets', 'Text editor', 'PDF viewer', 'Presentation software', 'Web Browser']","['Text', 'Data', 'Images']"
21,21,"
Task ID: 21426.0

Your assignment is to determine if it is possible to design a meaningful, **practical** exam for this task that can be performed remotely and to identify the required tools and materials for the evaluation. 

**Definitions:**
- **Tools:** Software or applications (e.g., coding languages, code editor, spreadsheets, text editor, presentation software, image generator), that the candidate needs to use to complete the test.
- **Materials:** Digital content (e.g., data files, PDFs, images, audio files, virtual lab environments) that form part of the test content.
- **Practical exam:** A practical exam is a an exam actually testing whether the described task can be performed successfully. An exam testing the knowledge about the task is NOT a practical exam.

**Instructions:**
1. **Remote Feasibility:**  
   Evaluate whether the task can be performed online/remotely or if it requires in-person presence.
   - **If in-person required:** Output `""can_be_performed_remotely"": false` and set all other fields (tools and materials) to `""NA""`.
   - **If remote:** Output `""can_be_performed_remotely"": true` and continue with the evaluation.

2. **Tools Required:**  
   For each tool, assess whether it is needed for the task (Pay and process claims within designated authority level.) for the role of Claims Adjusters, Examiners, and Investigators. Options are: ""Required"" or ""Not Required"". The tools include:
   - ""Coding""
   - ""Spreadsheets""
   - ""Text editor""
   - ""PDF viewer""
   - ""Presentation software""
   - ""Image Generator""
   - ""Web Browser""
   - ""Other"" (specify tool name and classification if needed; otherwise ""NA"")

3. **Materials Required:**  
   For each material, determine if it is necessary as part of the test to evaluate Claims Adjusters, Examiners, and Investigators's ability to perform the task (Pay and process claims within designated authority level.). Options are: ""Required""or ""Not required"" The materials include:
   - ""Text""
   - ""Data""
   - ""Images""
   - ""Audio files""
   - ""Video files""
   - ""Virtual labs or sandbox environments""
   - ""Other"" (specify material name and classification if needed; otherwise ""NA"")

4. **Feasability of a practical exam:**
    Evaluate whether the task can meaningfuly be tested in a practical, remote exam.
    - If you think this is possible, answer True,
    - Otherwise answer False

5. **Chain-of-Thought Reasoning:**  
   Optionally, include a brief chain-of-thought explanation (no more than 150 words) for your evaluations in a field called `""chain_of_thought""`.

**Output Requirement:**  
Return a JSON object strictly adhering to the provided structure, without any extra commentary outside of the JSON fields.

**Expected JSON Structure:**
{
  ""task_id"": ""21426.0"",
  ""occupation"": ""Claims Adjusters, Examiners, and Investigators"",
  ""task_description"": ""Pay and process claims within designated authority level."",
  ""can_be_performed_remotely"": true/false,
  ""tools"": {
    ""Coding"": ""Not Required/Required/NA"",
    ""Spreadsheets"": ""Not Required/Required/NA"",
    ""Text editor"": ""Not Required/Required/NA"",
    ""PDF viewer"": ""Not Required/Required/NA"", 
    ""Presentation software"": ""Not Required/Required/NA"",
    ""Web Browser"": ""Not Required/Required/NA"",
    ""Image Generator"": ""Not Required/Required/NA"",
    ""Other"": {
      ""name"": ""Tool Name/NA"",
      ""classification"": ""Not Required/Required/NA""
    }
  },
  ""materials"": {
    ""Text"": ""Not Required/Required/NA"",
    ""Data"": ""Not Required/Required/NA"",
    ""Images"": ""Not Required/Required/NA"",
    ""Audio files"": ""Not Required/Required/NA"",
    ""Video files"": ""Not Required/Required/NA"",
    ""Virtual labs or sandbox environments"": ""Not Required/Required/NA"",
    ""Other"": {
      ""name"": ""Material Name/NA"",
      ""classification"": ""Not Required/Required/NA""
    }
  },
  ""feasiblity_practical"": true/false
  ""chain_of_thought"": ""Brief explanation (no more than 150 words).""
}
",21426.0,"Claims Adjusters, Examiners, and Investigators",Pay and process claims within designated authority level.,True,True,"The task of paying and processing claims can be performed remotely as it primarily involves reviewing digital documents, data entry, and using specialized software. Tools like spreadsheets, text editors, PDF viewers, and web browsers are essential for handling claims data and documentation. Claims Management Software is crucial for processing claims within authority levels. Text and data materials are necessary to simulate real-world scenarios. A practical exam can be designed to test the candidate's ability to process claims using these tools and materials, making it feasible to conduct remotely.",Not Required,Required,Required,Required,Not Required,Required,Not Required,Claims Management Software,Required,Required,Required,Not Required,Not Required,Not Required,Not Required,,,"['Spreadsheets', 'Text editor', 'PDF viewer', 'Web Browser', 'Claims Management Software']","['Text', 'Data']","['Spreadsheets', 'Text editor', 'PDF viewer', 'Web Browser']","['Text', 'Data']"
22,22,"
Task ID: 21423.0

Your assignment is to determine if it is possible to design a meaningful, **practical** exam for this task that can be performed remotely and to identify the required tools and materials for the evaluation. 

**Definitions:**
- **Tools:** Software or applications (e.g., coding languages, code editor, spreadsheets, text editor, presentation software, image generator), that the candidate needs to use to complete the test.
- **Materials:** Digital content (e.g., data files, PDFs, images, audio files, virtual lab environments) that form part of the test content.
- **Practical exam:** A practical exam is a an exam actually testing whether the described task can be performed successfully. An exam testing the knowledge about the task is NOT a practical exam.

**Instructions:**
1. **Remote Feasibility:**  
   Evaluate whether the task can be performed online/remotely or if it requires in-person presence.
   - **If in-person required:** Output `""can_be_performed_remotely"": false` and set all other fields (tools and materials) to `""NA""`.
   - **If remote:** Output `""can_be_performed_remotely"": true` and continue with the evaluation.

2. **Tools Required:**  
   For each tool, assess whether it is needed for the task (Investigate, evaluate, and settle claims, applying technical knowledge and human relations skills to effect fair and prompt disposal of cases and to contribute to a reduced loss ratio.) for the role of Claims Adjusters, Examiners, and Investigators. Options are: ""Required"" or ""Not Required"". The tools include:
   - ""Coding""
   - ""Spreadsheets""
   - ""Text editor""
   - ""PDF viewer""
   - ""Presentation software""
   - ""Image Generator""
   - ""Web Browser""
   - ""Other"" (specify tool name and classification if needed; otherwise ""NA"")

3. **Materials Required:**  
   For each material, determine if it is necessary as part of the test to evaluate Claims Adjusters, Examiners, and Investigators's ability to perform the task (Investigate, evaluate, and settle claims, applying technical knowledge and human relations skills to effect fair and prompt disposal of cases and to contribute to a reduced loss ratio.). Options are: ""Required""or ""Not required"" The materials include:
   - ""Text""
   - ""Data""
   - ""Images""
   - ""Audio files""
   - ""Video files""
   - ""Virtual labs or sandbox environments""
   - ""Other"" (specify material name and classification if needed; otherwise ""NA"")

4. **Feasability of a practical exam:**
    Evaluate whether the task can meaningfuly be tested in a practical, remote exam.
    - If you think this is possible, answer True,
    - Otherwise answer False

5. **Chain-of-Thought Reasoning:**  
   Optionally, include a brief chain-of-thought explanation (no more than 150 words) for your evaluations in a field called `""chain_of_thought""`.

**Output Requirement:**  
Return a JSON object strictly adhering to the provided structure, without any extra commentary outside of the JSON fields.

**Expected JSON Structure:**
{
  ""task_id"": ""21423.0"",
  ""occupation"": ""Claims Adjusters, Examiners, and Investigators"",
  ""task_description"": ""Investigate, evaluate, and settle claims, applying technical knowledge and human relations skills to effect fair and prompt disposal of cases and to contribute to a reduced loss ratio."",
  ""can_be_performed_remotely"": true/false,
  ""tools"": {
    ""Coding"": ""Not Required/Required/NA"",
    ""Spreadsheets"": ""Not Required/Required/NA"",
    ""Text editor"": ""Not Required/Required/NA"",
    ""PDF viewer"": ""Not Required/Required/NA"", 
    ""Presentation software"": ""Not Required/Required/NA"",
    ""Web Browser"": ""Not Required/Required/NA"",
    ""Image Generator"": ""Not Required/Required/NA"",
    ""Other"": {
      ""name"": ""Tool Name/NA"",
      ""classification"": ""Not Required/Required/NA""
    }
  },
  ""materials"": {
    ""Text"": ""Not Required/Required/NA"",
    ""Data"": ""Not Required/Required/NA"",
    ""Images"": ""Not Required/Required/NA"",
    ""Audio files"": ""Not Required/Required/NA"",
    ""Video files"": ""Not Required/Required/NA"",
    ""Virtual labs or sandbox environments"": ""Not Required/Required/NA"",
    ""Other"": {
      ""name"": ""Material Name/NA"",
      ""classification"": ""Not Required/Required/NA""
    }
  },
  ""feasiblity_practical"": true/false
  ""chain_of_thought"": ""Brief explanation (no more than 150 words).""
}
",21423.0,"Claims Adjusters, Examiners, and Investigators","Investigate, evaluate, and settle claims, applying technical knowledge and human relations skills to effect fair and prompt disposal of cases and to contribute to a reduced loss ratio.",True,True,"The task of investigating, evaluating, and settling claims can be performed remotely using digital tools. Spreadsheets and text editors are essential for organizing and documenting information. A PDF viewer is needed for reviewing claim documents. A web browser is necessary for accessing online resources and databases. Claims management software is crucial for processing claims efficiently. Text, data, and images are required materials to simulate real-world scenarios. The task can be effectively tested in a practical, remote exam setting.",Not Required,Required,Required,Required,Not Required,Required,Not Required,Claims Management Software,Required,Required,Required,Required,Not Required,Not Required,Not Required,,,"['Spreadsheets', 'Text editor', 'PDF viewer', 'Web Browser', 'Claims Management Software']","['Text', 'Data', 'Images']","['Spreadsheets', 'Text editor', 'PDF viewer', 'Web Browser']","['Text', 'Data', 'Images']"
23,23,"
Task ID: 21428.0

Your assignment is to determine if it is possible to design a meaningful, **practical** exam for this task that can be performed remotely and to identify the required tools and materials for the evaluation. 

**Definitions:**
- **Tools:** Software or applications (e.g., coding languages, code editor, spreadsheets, text editor, presentation software, image generator), that the candidate needs to use to complete the test.
- **Materials:** Digital content (e.g., data files, PDFs, images, audio files, virtual lab environments) that form part of the test content.
- **Practical exam:** A practical exam is a an exam actually testing whether the described task can be performed successfully. An exam testing the knowledge about the task is NOT a practical exam.

**Instructions:**
1. **Remote Feasibility:**  
   Evaluate whether the task can be performed online/remotely or if it requires in-person presence.
   - **If in-person required:** Output `""can_be_performed_remotely"": false` and set all other fields (tools and materials) to `""NA""`.
   - **If remote:** Output `""can_be_performed_remotely"": true` and continue with the evaluation.

2. **Tools Required:**  
   For each tool, assess whether it is needed for the task (Verify and analyze data used in settling claims to ensure that claims are valid and that settlements are made according to company practices and procedures.) for the role of Claims Adjusters, Examiners, and Investigators. Options are: ""Required"" or ""Not Required"". The tools include:
   - ""Coding""
   - ""Spreadsheets""
   - ""Text editor""
   - ""PDF viewer""
   - ""Presentation software""
   - ""Image Generator""
   - ""Web Browser""
   - ""Other"" (specify tool name and classification if needed; otherwise ""NA"")

3. **Materials Required:**  
   For each material, determine if it is necessary as part of the test to evaluate Claims Adjusters, Examiners, and Investigators's ability to perform the task (Verify and analyze data used in settling claims to ensure that claims are valid and that settlements are made according to company practices and procedures.). Options are: ""Required""or ""Not required"" The materials include:
   - ""Text""
   - ""Data""
   - ""Images""
   - ""Audio files""
   - ""Video files""
   - ""Virtual labs or sandbox environments""
   - ""Other"" (specify material name and classification if needed; otherwise ""NA"")

4. **Feasability of a practical exam:**
    Evaluate whether the task can meaningfuly be tested in a practical, remote exam.
    - If you think this is possible, answer True,
    - Otherwise answer False

5. **Chain-of-Thought Reasoning:**  
   Optionally, include a brief chain-of-thought explanation (no more than 150 words) for your evaluations in a field called `""chain_of_thought""`.

**Output Requirement:**  
Return a JSON object strictly adhering to the provided structure, without any extra commentary outside of the JSON fields.

**Expected JSON Structure:**
{
  ""task_id"": ""21428.0"",
  ""occupation"": ""Claims Adjusters, Examiners, and Investigators"",
  ""task_description"": ""Verify and analyze data used in settling claims to ensure that claims are valid and that settlements are made according to company practices and procedures."",
  ""can_be_performed_remotely"": true/false,
  ""tools"": {
    ""Coding"": ""Not Required/Required/NA"",
    ""Spreadsheets"": ""Not Required/Required/NA"",
    ""Text editor"": ""Not Required/Required/NA"",
    ""PDF viewer"": ""Not Required/Required/NA"", 
    ""Presentation software"": ""Not Required/Required/NA"",
    ""Web Browser"": ""Not Required/Required/NA"",
    ""Image Generator"": ""Not Required/Required/NA"",
    ""Other"": {
      ""name"": ""Tool Name/NA"",
      ""classification"": ""Not Required/Required/NA""
    }
  },
  ""materials"": {
    ""Text"": ""Not Required/Required/NA"",
    ""Data"": ""Not Required/Required/NA"",
    ""Images"": ""Not Required/Required/NA"",
    ""Audio files"": ""Not Required/Required/NA"",
    ""Video files"": ""Not Required/Required/NA"",
    ""Virtual labs or sandbox environments"": ""Not Required/Required/NA"",
    ""Other"": {
      ""name"": ""Material Name/NA"",
      ""classification"": ""Not Required/Required/NA""
    }
  },
  ""feasiblity_practical"": true/false
  ""chain_of_thought"": ""Brief explanation (no more than 150 words).""
}
",21428.0,"Claims Adjusters, Examiners, and Investigators",Verify and analyze data used in settling claims to ensure that claims are valid and that settlements are made according to company practices and procedures.,True,True,"The task of verifying and analyzing data for claims can be performed remotely using digital tools. Spreadsheets and text editors are essential for data analysis and documentation. A PDF viewer is needed for reviewing claim documents. A web browser is necessary for accessing online resources and claims management software. Claims management software is crucial for processing and verifying claims. Text and data files are required to simulate real-world claim scenarios. This setup allows for a practical, remote exam to evaluate the candidate's ability to perform the task effectively.",Not Required,Required,Required,Required,Not Required,Required,Not Required,Claims Management Software,Required,Required,Required,Not Required,Not Required,Not Required,Not Required,,,"['Spreadsheets', 'Text editor', 'PDF viewer', 'Web Browser', 'Claims Management Software']","['Text', 'Data']","['Spreadsheets', 'Text editor', 'PDF viewer', 'Web Browser']","['Text', 'Data']"
24,24,"
Task ID: 21419.0

Your assignment is to determine if it is possible to design a meaningful, **practical** exam for this task that can be performed remotely and to identify the required tools and materials for the evaluation. 

**Definitions:**
- **Tools:** Software or applications (e.g., coding languages, code editor, spreadsheets, text editor, presentation software, image generator), that the candidate needs to use to complete the test.
- **Materials:** Digital content (e.g., data files, PDFs, images, audio files, virtual lab environments) that form part of the test content.
- **Practical exam:** A practical exam is a an exam actually testing whether the described task can be performed successfully. An exam testing the knowledge about the task is NOT a practical exam.

**Instructions:**
1. **Remote Feasibility:**  
   Evaluate whether the task can be performed online/remotely or if it requires in-person presence.
   - **If in-person required:** Output `""can_be_performed_remotely"": false` and set all other fields (tools and materials) to `""NA""`.
   - **If remote:** Output `""can_be_performed_remotely"": true` and continue with the evaluation.

2. **Tools Required:**  
   For each tool, assess whether it is needed for the task (Review police reports, medical treatment records, medical bills, or physical property damage to determine the extent of liability.) for the role of Claims Adjusters, Examiners, and Investigators. Options are: ""Required"" or ""Not Required"". The tools include:
   - ""Coding""
   - ""Spreadsheets""
   - ""Text editor""
   - ""PDF viewer""
   - ""Presentation software""
   - ""Image Generator""
   - ""Web Browser""
   - ""Other"" (specify tool name and classification if needed; otherwise ""NA"")

3. **Materials Required:**  
   For each material, determine if it is necessary as part of the test to evaluate Claims Adjusters, Examiners, and Investigators's ability to perform the task (Review police reports, medical treatment records, medical bills, or physical property damage to determine the extent of liability.). Options are: ""Required""or ""Not required"" The materials include:
   - ""Text""
   - ""Data""
   - ""Images""
   - ""Audio files""
   - ""Video files""
   - ""Virtual labs or sandbox environments""
   - ""Other"" (specify material name and classification if needed; otherwise ""NA"")

4. **Feasability of a practical exam:**
    Evaluate whether the task can meaningfuly be tested in a practical, remote exam.
    - If you think this is possible, answer True,
    - Otherwise answer False

5. **Chain-of-Thought Reasoning:**  
   Optionally, include a brief chain-of-thought explanation (no more than 150 words) for your evaluations in a field called `""chain_of_thought""`.

**Output Requirement:**  
Return a JSON object strictly adhering to the provided structure, without any extra commentary outside of the JSON fields.

**Expected JSON Structure:**
{
  ""task_id"": ""21419.0"",
  ""occupation"": ""Claims Adjusters, Examiners, and Investigators"",
  ""task_description"": ""Review police reports, medical treatment records, medical bills, or physical property damage to determine the extent of liability."",
  ""can_be_performed_remotely"": true/false,
  ""tools"": {
    ""Coding"": ""Not Required/Required/NA"",
    ""Spreadsheets"": ""Not Required/Required/NA"",
    ""Text editor"": ""Not Required/Required/NA"",
    ""PDF viewer"": ""Not Required/Required/NA"", 
    ""Presentation software"": ""Not Required/Required/NA"",
    ""Web Browser"": ""Not Required/Required/NA"",
    ""Image Generator"": ""Not Required/Required/NA"",
    ""Other"": {
      ""name"": ""Tool Name/NA"",
      ""classification"": ""Not Required/Required/NA""
    }
  },
  ""materials"": {
    ""Text"": ""Not Required/Required/NA"",
    ""Data"": ""Not Required/Required/NA"",
    ""Images"": ""Not Required/Required/NA"",
    ""Audio files"": ""Not Required/Required/NA"",
    ""Video files"": ""Not Required/Required/NA"",
    ""Virtual labs or sandbox environments"": ""Not Required/Required/NA"",
    ""Other"": {
      ""name"": ""Material Name/NA"",
      ""classification"": ""Not Required/Required/NA""
    }
  },
  ""feasiblity_practical"": true/false
  ""chain_of_thought"": ""Brief explanation (no more than 150 words).""
}
",21419.0,"Claims Adjusters, Examiners, and Investigators","Review police reports, medical treatment records, medical bills, or physical property damage to determine the extent of liability.",True,True,"The task of reviewing documents to determine liability can be performed remotely as it primarily involves analyzing digital documents and images. Tools like PDF viewers, text editors, and spreadsheets are essential for reviewing and organizing information. A web browser is needed for accessing online resources or databases. A document management system can facilitate the organization and retrieval of documents. Materials such as text, data, and images are necessary to simulate real-world scenarios. This setup allows for a practical exam to be conducted remotely, testing the candidate's ability to analyze and determine liability effectively.",Not Required,Required,Required,Required,Not Required,Required,Not Required,Document Management System,Required,Required,Required,Required,Not Required,Not Required,Not Required,,,"['Spreadsheets', 'Text editor', 'PDF viewer', 'Web Browser', 'Document Management System']","['Text', 'Data', 'Images']","['Spreadsheets', 'Text editor', 'PDF viewer', 'Web Browser']","['Text', 'Data', 'Images']"
25,25,"
Task ID: 21429.0

Your assignment is to determine if it is possible to design a meaningful, **practical** exam for this task that can be performed remotely and to identify the required tools and materials for the evaluation. 

**Definitions:**
- **Tools:** Software or applications (e.g., coding languages, code editor, spreadsheets, text editor, presentation software, image generator), that the candidate needs to use to complete the test.
- **Materials:** Digital content (e.g., data files, PDFs, images, audio files, virtual lab environments) that form part of the test content.
- **Practical exam:** A practical exam is a an exam actually testing whether the described task can be performed successfully. An exam testing the knowledge about the task is NOT a practical exam.

**Instructions:**
1. **Remote Feasibility:**  
   Evaluate whether the task can be performed online/remotely or if it requires in-person presence.
   - **If in-person required:** Output `""can_be_performed_remotely"": false` and set all other fields (tools and materials) to `""NA""`.
   - **If remote:** Output `""can_be_performed_remotely"": true` and continue with the evaluation.

2. **Tools Required:**  
   For each tool, assess whether it is needed for the task (Enter claim payments, reserves and new claims on computer system, inputting concise yet sufficient file documentation.) for the role of Claims Adjusters, Examiners, and Investigators. Options are: ""Required"" or ""Not Required"". The tools include:
   - ""Coding""
   - ""Spreadsheets""
   - ""Text editor""
   - ""PDF viewer""
   - ""Presentation software""
   - ""Image Generator""
   - ""Web Browser""
   - ""Other"" (specify tool name and classification if needed; otherwise ""NA"")

3. **Materials Required:**  
   For each material, determine if it is necessary as part of the test to evaluate Claims Adjusters, Examiners, and Investigators's ability to perform the task (Enter claim payments, reserves and new claims on computer system, inputting concise yet sufficient file documentation.). Options are: ""Required""or ""Not required"" The materials include:
   - ""Text""
   - ""Data""
   - ""Images""
   - ""Audio files""
   - ""Video files""
   - ""Virtual labs or sandbox environments""
   - ""Other"" (specify material name and classification if needed; otherwise ""NA"")

4. **Feasability of a practical exam:**
    Evaluate whether the task can meaningfuly be tested in a practical, remote exam.
    - If you think this is possible, answer True,
    - Otherwise answer False

5. **Chain-of-Thought Reasoning:**  
   Optionally, include a brief chain-of-thought explanation (no more than 150 words) for your evaluations in a field called `""chain_of_thought""`.

**Output Requirement:**  
Return a JSON object strictly adhering to the provided structure, without any extra commentary outside of the JSON fields.

**Expected JSON Structure:**
{
  ""task_id"": ""21429.0"",
  ""occupation"": ""Claims Adjusters, Examiners, and Investigators"",
  ""task_description"": ""Enter claim payments, reserves and new claims on computer system, inputting concise yet sufficient file documentation."",
  ""can_be_performed_remotely"": true/false,
  ""tools"": {
    ""Coding"": ""Not Required/Required/NA"",
    ""Spreadsheets"": ""Not Required/Required/NA"",
    ""Text editor"": ""Not Required/Required/NA"",
    ""PDF viewer"": ""Not Required/Required/NA"", 
    ""Presentation software"": ""Not Required/Required/NA"",
    ""Web Browser"": ""Not Required/Required/NA"",
    ""Image Generator"": ""Not Required/Required/NA"",
    ""Other"": {
      ""name"": ""Tool Name/NA"",
      ""classification"": ""Not Required/Required/NA""
    }
  },
  ""materials"": {
    ""Text"": ""Not Required/Required/NA"",
    ""Data"": ""Not Required/Required/NA"",
    ""Images"": ""Not Required/Required/NA"",
    ""Audio files"": ""Not Required/Required/NA"",
    ""Video files"": ""Not Required/Required/NA"",
    ""Virtual labs or sandbox environments"": ""Not Required/Required/NA"",
    ""Other"": {
      ""name"": ""Material Name/NA"",
      ""classification"": ""Not Required/Required/NA""
    }
  },
  ""feasiblity_practical"": true/false
  ""chain_of_thought"": ""Brief explanation (no more than 150 words).""
}
",21429.0,"Claims Adjusters, Examiners, and Investigators","Enter claim payments, reserves and new claims on computer system, inputting concise yet sufficient file documentation.",True,True,"The task involves entering data into a computer system, which can be done remotely using a web browser and claims management software. Spreadsheets and text editors are needed for organizing and documenting claims. A PDF viewer is necessary for reading claim documents. Virtual labs or sandbox environments can simulate the claims processing system for practice. Text and data materials are essential for providing realistic claim scenarios. This setup allows for a practical, remote exam to evaluate the candidate's ability to perform the task effectively.",Not Required,Required,Required,Required,Not Required,Required,Not Required,Claims Management Software,Required,Required,Required,Not Required,Not Required,Not Required,Required,,,"['Spreadsheets', 'Text editor', 'PDF viewer', 'Web Browser', 'Claims Management Software']","['Text', 'Data', 'Virtual labs or sandbox environments']","['Spreadsheets', 'Text editor', 'PDF viewer', 'Web Browser']","['Text', 'Data', 'Virtual labs or sandbox environments']"
26,26,"
Task ID: 21425.0

Your assignment is to determine if it is possible to design a meaningful, **practical** exam for this task that can be performed remotely and to identify the required tools and materials for the evaluation. 

**Definitions:**
- **Tools:** Software or applications (e.g., coding languages, code editor, spreadsheets, text editor, presentation software, image generator), that the candidate needs to use to complete the test.
- **Materials:** Digital content (e.g., data files, PDFs, images, audio files, virtual lab environments) that form part of the test content.
- **Practical exam:** A practical exam is a an exam actually testing whether the described task can be performed successfully. An exam testing the knowledge about the task is NOT a practical exam.

**Instructions:**
1. **Remote Feasibility:**  
   Evaluate whether the task can be performed online/remotely or if it requires in-person presence.
   - **If in-person required:** Output `""can_be_performed_remotely"": false` and set all other fields (tools and materials) to `""NA""`.
   - **If remote:** Output `""can_be_performed_remotely"": true` and continue with the evaluation.

2. **Tools Required:**  
   For each tool, assess whether it is needed for the task (Resolve complex, severe exposure claims, using high service oriented file handling.) for the role of Claims Adjusters, Examiners, and Investigators. Options are: ""Required"" or ""Not Required"". The tools include:
   - ""Coding""
   - ""Spreadsheets""
   - ""Text editor""
   - ""PDF viewer""
   - ""Presentation software""
   - ""Image Generator""
   - ""Web Browser""
   - ""Other"" (specify tool name and classification if needed; otherwise ""NA"")

3. **Materials Required:**  
   For each material, determine if it is necessary as part of the test to evaluate Claims Adjusters, Examiners, and Investigators's ability to perform the task (Resolve complex, severe exposure claims, using high service oriented file handling.). Options are: ""Required""or ""Not required"" The materials include:
   - ""Text""
   - ""Data""
   - ""Images""
   - ""Audio files""
   - ""Video files""
   - ""Virtual labs or sandbox environments""
   - ""Other"" (specify material name and classification if needed; otherwise ""NA"")

4. **Feasability of a practical exam:**
    Evaluate whether the task can meaningfuly be tested in a practical, remote exam.
    - If you think this is possible, answer True,
    - Otherwise answer False

5. **Chain-of-Thought Reasoning:**  
   Optionally, include a brief chain-of-thought explanation (no more than 150 words) for your evaluations in a field called `""chain_of_thought""`.

**Output Requirement:**  
Return a JSON object strictly adhering to the provided structure, without any extra commentary outside of the JSON fields.

**Expected JSON Structure:**
{
  ""task_id"": ""21425.0"",
  ""occupation"": ""Claims Adjusters, Examiners, and Investigators"",
  ""task_description"": ""Resolve complex, severe exposure claims, using high service oriented file handling."",
  ""can_be_performed_remotely"": true/false,
  ""tools"": {
    ""Coding"": ""Not Required/Required/NA"",
    ""Spreadsheets"": ""Not Required/Required/NA"",
    ""Text editor"": ""Not Required/Required/NA"",
    ""PDF viewer"": ""Not Required/Required/NA"", 
    ""Presentation software"": ""Not Required/Required/NA"",
    ""Web Browser"": ""Not Required/Required/NA"",
    ""Image Generator"": ""Not Required/Required/NA"",
    ""Other"": {
      ""name"": ""Tool Name/NA"",
      ""classification"": ""Not Required/Required/NA""
    }
  },
  ""materials"": {
    ""Text"": ""Not Required/Required/NA"",
    ""Data"": ""Not Required/Required/NA"",
    ""Images"": ""Not Required/Required/NA"",
    ""Audio files"": ""Not Required/Required/NA"",
    ""Video files"": ""Not Required/Required/NA"",
    ""Virtual labs or sandbox environments"": ""Not Required/Required/NA"",
    ""Other"": {
      ""name"": ""Material Name/NA"",
      ""classification"": ""Not Required/Required/NA""
    }
  },
  ""feasiblity_practical"": true/false
  ""chain_of_thought"": ""Brief explanation (no more than 150 words).""
}
",21425.0,"Claims Adjusters, Examiners, and Investigators","Resolve complex, severe exposure claims, using high service oriented file handling.",True,True,"Resolving complex claims can be done remotely using digital tools like spreadsheets, text editors, and claims management software. These tools allow for the analysis and documentation of claims. PDF viewers are necessary for reading claim documents, and a web browser is essential for accessing online resources. Sample claims files and data are required to simulate real-world scenarios. The task is feasible as a practical exam because it involves evaluating the candidate's ability to handle claims using these tools and materials, which can be effectively assessed online.",Not Required,Required,Required,Required,Not Required,Required,Not Required,Claims Management Software,Required,Required,Required,Not Required,Not Required,Not Required,Not Required,Sample Claims Files,Required,"['Spreadsheets', 'Text editor', 'PDF viewer', 'Web Browser', 'Claims Management Software']","['Text', 'Data', 'Sample Claims Files']","['Spreadsheets', 'Text editor', 'PDF viewer', 'Web Browser']","['Text', 'Data']"
27,27,"
Task ID: 21424.0

Your assignment is to determine if it is possible to design a meaningful, **practical** exam for this task that can be performed remotely and to identify the required tools and materials for the evaluation. 

**Definitions:**
- **Tools:** Software or applications (e.g., coding languages, code editor, spreadsheets, text editor, presentation software, image generator), that the candidate needs to use to complete the test.
- **Materials:** Digital content (e.g., data files, PDFs, images, audio files, virtual lab environments) that form part of the test content.
- **Practical exam:** A practical exam is a an exam actually testing whether the described task can be performed successfully. An exam testing the knowledge about the task is NOT a practical exam.

**Instructions:**
1. **Remote Feasibility:**  
   Evaluate whether the task can be performed online/remotely or if it requires in-person presence.
   - **If in-person required:** Output `""can_be_performed_remotely"": false` and set all other fields (tools and materials) to `""NA""`.
   - **If remote:** Output `""can_be_performed_remotely"": true` and continue with the evaluation.

2. **Tools Required:**  
   For each tool, assess whether it is needed for the task (Adjust reserves or provide reserve recommendations to ensure that reserve activities are consistent with corporate policies.) for the role of Claims Adjusters, Examiners, and Investigators. Options are: ""Required"" or ""Not Required"". The tools include:
   - ""Coding""
   - ""Spreadsheets""
   - ""Text editor""
   - ""PDF viewer""
   - ""Presentation software""
   - ""Image Generator""
   - ""Web Browser""
   - ""Other"" (specify tool name and classification if needed; otherwise ""NA"")

3. **Materials Required:**  
   For each material, determine if it is necessary as part of the test to evaluate Claims Adjusters, Examiners, and Investigators's ability to perform the task (Adjust reserves or provide reserve recommendations to ensure that reserve activities are consistent with corporate policies.). Options are: ""Required""or ""Not required"" The materials include:
   - ""Text""
   - ""Data""
   - ""Images""
   - ""Audio files""
   - ""Video files""
   - ""Virtual labs or sandbox environments""
   - ""Other"" (specify material name and classification if needed; otherwise ""NA"")

4. **Feasability of a practical exam:**
    Evaluate whether the task can meaningfuly be tested in a practical, remote exam.
    - If you think this is possible, answer True,
    - Otherwise answer False

5. **Chain-of-Thought Reasoning:**  
   Optionally, include a brief chain-of-thought explanation (no more than 150 words) for your evaluations in a field called `""chain_of_thought""`.

**Output Requirement:**  
Return a JSON object strictly adhering to the provided structure, without any extra commentary outside of the JSON fields.

**Expected JSON Structure:**
{
  ""task_id"": ""21424.0"",
  ""occupation"": ""Claims Adjusters, Examiners, and Investigators"",
  ""task_description"": ""Adjust reserves or provide reserve recommendations to ensure that reserve activities are consistent with corporate policies."",
  ""can_be_performed_remotely"": true/false,
  ""tools"": {
    ""Coding"": ""Not Required/Required/NA"",
    ""Spreadsheets"": ""Not Required/Required/NA"",
    ""Text editor"": ""Not Required/Required/NA"",
    ""PDF viewer"": ""Not Required/Required/NA"", 
    ""Presentation software"": ""Not Required/Required/NA"",
    ""Web Browser"": ""Not Required/Required/NA"",
    ""Image Generator"": ""Not Required/Required/NA"",
    ""Other"": {
      ""name"": ""Tool Name/NA"",
      ""classification"": ""Not Required/Required/NA""
    }
  },
  ""materials"": {
    ""Text"": ""Not Required/Required/NA"",
    ""Data"": ""Not Required/Required/NA"",
    ""Images"": ""Not Required/Required/NA"",
    ""Audio files"": ""Not Required/Required/NA"",
    ""Video files"": ""Not Required/Required/NA"",
    ""Virtual labs or sandbox environments"": ""Not Required/Required/NA"",
    ""Other"": {
      ""name"": ""Material Name/NA"",
      ""classification"": ""Not Required/Required/NA""
    }
  },
  ""feasiblity_practical"": true/false
  ""chain_of_thought"": ""Brief explanation (no more than 150 words).""
}
",21424.0,"Claims Adjusters, Examiners, and Investigators",Adjust reserves or provide reserve recommendations to ensure that reserve activities are consistent with corporate policies.,True,True,"The task of adjusting reserves or providing reserve recommendations can be performed remotely as it primarily involves analyzing data and documentation, which can be done using spreadsheets, text editors, and PDF viewers. A web browser is necessary for accessing online resources or corporate systems. The practical exam can include scenarios with data sets and policy documents to evaluate the candidate's ability to make reserve recommendations consistent with corporate policies. This setup allows for a meaningful assessment of the candidate's skills in a remote environment.",Not Required,Required,Required,Required,Not Required,Required,Not Required,,,Required,Required,Not Required,Not Required,Not Required,Not Required,,,"['Spreadsheets', 'Text editor', 'PDF viewer', 'Web Browser']","['Text', 'Data']","['Spreadsheets', 'Text editor', 'PDF viewer', 'Web Browser']","['Text', 'Data']"
28,28,"
Task ID: 21427.0

Your assignment is to determine if it is possible to design a meaningful, **practical** exam for this task that can be performed remotely and to identify the required tools and materials for the evaluation. 

**Definitions:**
- **Tools:** Software or applications (e.g., coding languages, code editor, spreadsheets, text editor, presentation software, image generator), that the candidate needs to use to complete the test.
- **Materials:** Digital content (e.g., data files, PDFs, images, audio files, virtual lab environments) that form part of the test content.
- **Practical exam:** A practical exam is a an exam actually testing whether the described task can be performed successfully. An exam testing the knowledge about the task is NOT a practical exam.

**Instructions:**
1. **Remote Feasibility:**  
   Evaluate whether the task can be performed online/remotely or if it requires in-person presence.
   - **If in-person required:** Output `""can_be_performed_remotely"": false` and set all other fields (tools and materials) to `""NA""`.
   - **If remote:** Output `""can_be_performed_remotely"": true` and continue with the evaluation.

2. **Tools Required:**  
   For each tool, assess whether it is needed for the task (Examine claims investigated by insurance adjusters, further investigating questionable claims to determine whether to authorize payments.) for the role of Claims Adjusters, Examiners, and Investigators. Options are: ""Required"" or ""Not Required"". The tools include:
   - ""Coding""
   - ""Spreadsheets""
   - ""Text editor""
   - ""PDF viewer""
   - ""Presentation software""
   - ""Image Generator""
   - ""Web Browser""
   - ""Other"" (specify tool name and classification if needed; otherwise ""NA"")

3. **Materials Required:**  
   For each material, determine if it is necessary as part of the test to evaluate Claims Adjusters, Examiners, and Investigators's ability to perform the task (Examine claims investigated by insurance adjusters, further investigating questionable claims to determine whether to authorize payments.). Options are: ""Required""or ""Not required"" The materials include:
   - ""Text""
   - ""Data""
   - ""Images""
   - ""Audio files""
   - ""Video files""
   - ""Virtual labs or sandbox environments""
   - ""Other"" (specify material name and classification if needed; otherwise ""NA"")

4. **Feasability of a practical exam:**
    Evaluate whether the task can meaningfuly be tested in a practical, remote exam.
    - If you think this is possible, answer True,
    - Otherwise answer False

5. **Chain-of-Thought Reasoning:**  
   Optionally, include a brief chain-of-thought explanation (no more than 150 words) for your evaluations in a field called `""chain_of_thought""`.

**Output Requirement:**  
Return a JSON object strictly adhering to the provided structure, without any extra commentary outside of the JSON fields.

**Expected JSON Structure:**
{
  ""task_id"": ""21427.0"",
  ""occupation"": ""Claims Adjusters, Examiners, and Investigators"",
  ""task_description"": ""Examine claims investigated by insurance adjusters, further investigating questionable claims to determine whether to authorize payments."",
  ""can_be_performed_remotely"": true/false,
  ""tools"": {
    ""Coding"": ""Not Required/Required/NA"",
    ""Spreadsheets"": ""Not Required/Required/NA"",
    ""Text editor"": ""Not Required/Required/NA"",
    ""PDF viewer"": ""Not Required/Required/NA"", 
    ""Presentation software"": ""Not Required/Required/NA"",
    ""Web Browser"": ""Not Required/Required/NA"",
    ""Image Generator"": ""Not Required/Required/NA"",
    ""Other"": {
      ""name"": ""Tool Name/NA"",
      ""classification"": ""Not Required/Required/NA""
    }
  },
  ""materials"": {
    ""Text"": ""Not Required/Required/NA"",
    ""Data"": ""Not Required/Required/NA"",
    ""Images"": ""Not Required/Required/NA"",
    ""Audio files"": ""Not Required/Required/NA"",
    ""Video files"": ""Not Required/Required/NA"",
    ""Virtual labs or sandbox environments"": ""Not Required/Required/NA"",
    ""Other"": {
      ""name"": ""Material Name/NA"",
      ""classification"": ""Not Required/Required/NA""
    }
  },
  ""feasiblity_practical"": true/false
  ""chain_of_thought"": ""Brief explanation (no more than 150 words).""
}
",21427.0,"Claims Adjusters, Examiners, and Investigators","Examine claims investigated by insurance adjusters, further investigating questionable claims to determine whether to authorize payments.",True,True,"The task of examining claims and investigating questionable ones can be performed remotely using digital tools. Spreadsheets and text editors are essential for organizing and documenting findings. A PDF viewer is needed to review claim documents. A web browser is necessary for accessing online resources and databases. Claims management software is crucial for handling and processing claims efficiently. Text, data, and images are required materials to simulate real-world scenarios. This setup allows for a practical, remote exam to assess the candidate's ability to perform the task effectively.",Not Required,Required,Required,Required,Not Required,Required,Not Required,Claims Management Software,Required,Required,Required,Required,Not Required,Not Required,Not Required,,,"['Spreadsheets', 'Text editor', 'PDF viewer', 'Web Browser', 'Claims Management Software']","['Text', 'Data', 'Images']","['Spreadsheets', 'Text editor', 'PDF viewer', 'Web Browser']","['Text', 'Data', 'Images']"
29,29,"
Task ID: 21434.0

Your assignment is to determine if it is possible to design a meaningful, **practical** exam for this task that can be performed remotely and to identify the required tools and materials for the evaluation. 

**Definitions:**
- **Tools:** Software or applications (e.g., coding languages, code editor, spreadsheets, text editor, presentation software, image generator), that the candidate needs to use to complete the test.
- **Materials:** Digital content (e.g., data files, PDFs, images, audio files, virtual lab environments) that form part of the test content.
- **Practical exam:** A practical exam is a an exam actually testing whether the described task can be performed successfully. An exam testing the knowledge about the task is NOT a practical exam.

**Instructions:**
1. **Remote Feasibility:**  
   Evaluate whether the task can be performed online/remotely or if it requires in-person presence.
   - **If in-person required:** Output `""can_be_performed_remotely"": false` and set all other fields (tools and materials) to `""NA""`.
   - **If remote:** Output `""can_be_performed_remotely"": true` and continue with the evaluation.

2. **Tools Required:**  
   For each tool, assess whether it is needed for the task (Maintain claim files, such as records of settled claims and an inventory of claims requiring detailed analysis.) for the role of Claims Adjusters, Examiners, and Investigators. Options are: ""Required"" or ""Not Required"". The tools include:
   - ""Coding""
   - ""Spreadsheets""
   - ""Text editor""
   - ""PDF viewer""
   - ""Presentation software""
   - ""Image Generator""
   - ""Web Browser""
   - ""Other"" (specify tool name and classification if needed; otherwise ""NA"")

3. **Materials Required:**  
   For each material, determine if it is necessary as part of the test to evaluate Claims Adjusters, Examiners, and Investigators's ability to perform the task (Maintain claim files, such as records of settled claims and an inventory of claims requiring detailed analysis.). Options are: ""Required""or ""Not required"" The materials include:
   - ""Text""
   - ""Data""
   - ""Images""
   - ""Audio files""
   - ""Video files""
   - ""Virtual labs or sandbox environments""
   - ""Other"" (specify material name and classification if needed; otherwise ""NA"")

4. **Feasability of a practical exam:**
    Evaluate whether the task can meaningfuly be tested in a practical, remote exam.
    - If you think this is possible, answer True,
    - Otherwise answer False

5. **Chain-of-Thought Reasoning:**  
   Optionally, include a brief chain-of-thought explanation (no more than 150 words) for your evaluations in a field called `""chain_of_thought""`.

**Output Requirement:**  
Return a JSON object strictly adhering to the provided structure, without any extra commentary outside of the JSON fields.

**Expected JSON Structure:**
{
  ""task_id"": ""21434.0"",
  ""occupation"": ""Claims Adjusters, Examiners, and Investigators"",
  ""task_description"": ""Maintain claim files, such as records of settled claims and an inventory of claims requiring detailed analysis."",
  ""can_be_performed_remotely"": true/false,
  ""tools"": {
    ""Coding"": ""Not Required/Required/NA"",
    ""Spreadsheets"": ""Not Required/Required/NA"",
    ""Text editor"": ""Not Required/Required/NA"",
    ""PDF viewer"": ""Not Required/Required/NA"", 
    ""Presentation software"": ""Not Required/Required/NA"",
    ""Web Browser"": ""Not Required/Required/NA"",
    ""Image Generator"": ""Not Required/Required/NA"",
    ""Other"": {
      ""name"": ""Tool Name/NA"",
      ""classification"": ""Not Required/Required/NA""
    }
  },
  ""materials"": {
    ""Text"": ""Not Required/Required/NA"",
    ""Data"": ""Not Required/Required/NA"",
    ""Images"": ""Not Required/Required/NA"",
    ""Audio files"": ""Not Required/Required/NA"",
    ""Video files"": ""Not Required/Required/NA"",
    ""Virtual labs or sandbox environments"": ""Not Required/Required/NA"",
    ""Other"": {
      ""name"": ""Material Name/NA"",
      ""classification"": ""Not Required/Required/NA""
    }
  },
  ""feasiblity_practical"": true/false
  ""chain_of_thought"": ""Brief explanation (no more than 150 words).""
}
",21434.0,"Claims Adjusters, Examiners, and Investigators","Maintain claim files, such as records of settled claims and an inventory of claims requiring detailed analysis.",True,True,"Maintaining claim files can be performed remotely as it primarily involves digital documentation and data management. Tools like spreadsheets, text editors, PDF viewers, and web browsers are essential for handling and organizing claim data. Claims management software is crucial for accessing and updating claim records. Text and data materials are necessary to simulate real-world claim scenarios. The task can be effectively evaluated through a practical exam by having candidates organize and analyze sample claim data, ensuring they can maintain accurate and comprehensive claim files.",Not Required,Required,Required,Required,Not Required,Required,Not Required,Claims Management Software,Required,Required,Required,Not Required,Not Required,Not Required,Not Required,,,"['Spreadsheets', 'Text editor', 'PDF viewer', 'Web Browser', 'Claims Management Software']","['Text', 'Data']","['Spreadsheets', 'Text editor', 'PDF viewer', 'Web Browser']","['Text', 'Data']"
30,30,"
Task ID: 21430.0

Your assignment is to determine if it is possible to design a meaningful, **practical** exam for this task that can be performed remotely and to identify the required tools and materials for the evaluation. 

**Definitions:**
- **Tools:** Software or applications (e.g., coding languages, code editor, spreadsheets, text editor, presentation software, image generator), that the candidate needs to use to complete the test.
- **Materials:** Digital content (e.g., data files, PDFs, images, audio files, virtual lab environments) that form part of the test content.
- **Practical exam:** A practical exam is a an exam actually testing whether the described task can be performed successfully. An exam testing the knowledge about the task is NOT a practical exam.

**Instructions:**
1. **Remote Feasibility:**  
   Evaluate whether the task can be performed online/remotely or if it requires in-person presence.
   - **If in-person required:** Output `""can_be_performed_remotely"": false` and set all other fields (tools and materials) to `""NA""`.
   - **If remote:** Output `""can_be_performed_remotely"": true` and continue with the evaluation.

2. **Tools Required:**  
   For each tool, assess whether it is needed for the task (Refer questionable claims to investigator or claims adjuster for investigation or settlement.) for the role of Claims Adjusters, Examiners, and Investigators. Options are: ""Required"" or ""Not Required"". The tools include:
   - ""Coding""
   - ""Spreadsheets""
   - ""Text editor""
   - ""PDF viewer""
   - ""Presentation software""
   - ""Image Generator""
   - ""Web Browser""
   - ""Other"" (specify tool name and classification if needed; otherwise ""NA"")

3. **Materials Required:**  
   For each material, determine if it is necessary as part of the test to evaluate Claims Adjusters, Examiners, and Investigators's ability to perform the task (Refer questionable claims to investigator or claims adjuster for investigation or settlement.). Options are: ""Required""or ""Not required"" The materials include:
   - ""Text""
   - ""Data""
   - ""Images""
   - ""Audio files""
   - ""Video files""
   - ""Virtual labs or sandbox environments""
   - ""Other"" (specify material name and classification if needed; otherwise ""NA"")

4. **Feasability of a practical exam:**
    Evaluate whether the task can meaningfuly be tested in a practical, remote exam.
    - If you think this is possible, answer True,
    - Otherwise answer False

5. **Chain-of-Thought Reasoning:**  
   Optionally, include a brief chain-of-thought explanation (no more than 150 words) for your evaluations in a field called `""chain_of_thought""`.

**Output Requirement:**  
Return a JSON object strictly adhering to the provided structure, without any extra commentary outside of the JSON fields.

**Expected JSON Structure:**
{
  ""task_id"": ""21430.0"",
  ""occupation"": ""Claims Adjusters, Examiners, and Investigators"",
  ""task_description"": ""Refer questionable claims to investigator or claims adjuster for investigation or settlement."",
  ""can_be_performed_remotely"": true/false,
  ""tools"": {
    ""Coding"": ""Not Required/Required/NA"",
    ""Spreadsheets"": ""Not Required/Required/NA"",
    ""Text editor"": ""Not Required/Required/NA"",
    ""PDF viewer"": ""Not Required/Required/NA"", 
    ""Presentation software"": ""Not Required/Required/NA"",
    ""Web Browser"": ""Not Required/Required/NA"",
    ""Image Generator"": ""Not Required/Required/NA"",
    ""Other"": {
      ""name"": ""Tool Name/NA"",
      ""classification"": ""Not Required/Required/NA""
    }
  },
  ""materials"": {
    ""Text"": ""Not Required/Required/NA"",
    ""Data"": ""Not Required/Required/NA"",
    ""Images"": ""Not Required/Required/NA"",
    ""Audio files"": ""Not Required/Required/NA"",
    ""Video files"": ""Not Required/Required/NA"",
    ""Virtual labs or sandbox environments"": ""Not Required/Required/NA"",
    ""Other"": {
      ""name"": ""Material Name/NA"",
      ""classification"": ""Not Required/Required/NA""
    }
  },
  ""feasiblity_practical"": true/false
  ""chain_of_thought"": ""Brief explanation (no more than 150 words).""
}
",21430.0,"Claims Adjusters, Examiners, and Investigators",Refer questionable claims to investigator or claims adjuster for investigation or settlement.,True,True,"The task of referring questionable claims can be performed remotely as it primarily involves reviewing digital documents and data, which can be done online. Tools like spreadsheets, text editors, PDF viewers, and web browsers are essential for accessing and managing claim information. Claims management software is crucial for processing and tracking claims. Text and data materials are necessary to simulate real-world scenarios. A practical exam can be designed to test the candidate's ability to identify and refer questionable claims using these tools and materials.",Not Required,Required,Required,Required,Not Required,Required,Not Required,Claims Management Software,Required,Required,Required,Not Required,Not Required,Not Required,Not Required,,,"['Spreadsheets', 'Text editor', 'PDF viewer', 'Web Browser', 'Claims Management Software']","['Text', 'Data']","['Spreadsheets', 'Text editor', 'PDF viewer', 'Web Browser']","['Text', 'Data']"
31,31,"
Task ID: 21439.0

Your assignment is to determine if it is possible to design a meaningful, **practical** exam for this task that can be performed remotely and to identify the required tools and materials for the evaluation. 

**Definitions:**
- **Tools:** Software or applications (e.g., coding languages, code editor, spreadsheets, text editor, presentation software, image generator), that the candidate needs to use to complete the test.
- **Materials:** Digital content (e.g., data files, PDFs, images, audio files, virtual lab environments) that form part of the test content.
- **Practical exam:** A practical exam is a an exam actually testing whether the described task can be performed successfully. An exam testing the knowledge about the task is NOT a practical exam.

**Instructions:**
1. **Remote Feasibility:**  
   Evaluate whether the task can be performed online/remotely or if it requires in-person presence.
   - **If in-person required:** Output `""can_be_performed_remotely"": false` and set all other fields (tools and materials) to `""NA""`.
   - **If remote:** Output `""can_be_performed_remotely"": true` and continue with the evaluation.

2. **Tools Required:**  
   For each tool, assess whether it is needed for the task (Report overpayments, underpayments, and other irregularities.) for the role of Claims Adjusters, Examiners, and Investigators. Options are: ""Required"" or ""Not Required"". The tools include:
   - ""Coding""
   - ""Spreadsheets""
   - ""Text editor""
   - ""PDF viewer""
   - ""Presentation software""
   - ""Image Generator""
   - ""Web Browser""
   - ""Other"" (specify tool name and classification if needed; otherwise ""NA"")

3. **Materials Required:**  
   For each material, determine if it is necessary as part of the test to evaluate Claims Adjusters, Examiners, and Investigators's ability to perform the task (Report overpayments, underpayments, and other irregularities.). Options are: ""Required""or ""Not required"" The materials include:
   - ""Text""
   - ""Data""
   - ""Images""
   - ""Audio files""
   - ""Video files""
   - ""Virtual labs or sandbox environments""
   - ""Other"" (specify material name and classification if needed; otherwise ""NA"")

4. **Feasability of a practical exam:**
    Evaluate whether the task can meaningfuly be tested in a practical, remote exam.
    - If you think this is possible, answer True,
    - Otherwise answer False

5. **Chain-of-Thought Reasoning:**  
   Optionally, include a brief chain-of-thought explanation (no more than 150 words) for your evaluations in a field called `""chain_of_thought""`.

**Output Requirement:**  
Return a JSON object strictly adhering to the provided structure, without any extra commentary outside of the JSON fields.

**Expected JSON Structure:**
{
  ""task_id"": ""21439.0"",
  ""occupation"": ""Claims Adjusters, Examiners, and Investigators"",
  ""task_description"": ""Report overpayments, underpayments, and other irregularities."",
  ""can_be_performed_remotely"": true/false,
  ""tools"": {
    ""Coding"": ""Not Required/Required/NA"",
    ""Spreadsheets"": ""Not Required/Required/NA"",
    ""Text editor"": ""Not Required/Required/NA"",
    ""PDF viewer"": ""Not Required/Required/NA"", 
    ""Presentation software"": ""Not Required/Required/NA"",
    ""Web Browser"": ""Not Required/Required/NA"",
    ""Image Generator"": ""Not Required/Required/NA"",
    ""Other"": {
      ""name"": ""Tool Name/NA"",
      ""classification"": ""Not Required/Required/NA""
    }
  },
  ""materials"": {
    ""Text"": ""Not Required/Required/NA"",
    ""Data"": ""Not Required/Required/NA"",
    ""Images"": ""Not Required/Required/NA"",
    ""Audio files"": ""Not Required/Required/NA"",
    ""Video files"": ""Not Required/Required/NA"",
    ""Virtual labs or sandbox environments"": ""Not Required/Required/NA"",
    ""Other"": {
      ""name"": ""Material Name/NA"",
      ""classification"": ""Not Required/Required/NA""
    }
  },
  ""feasiblity_practical"": true/false
  ""chain_of_thought"": ""Brief explanation (no more than 150 words).""
}
",21439.0,"Claims Adjusters, Examiners, and Investigators","Report overpayments, underpayments, and other irregularities.",True,True,"The task of reporting overpayments, underpayments, and other irregularities can be performed remotely as it primarily involves analyzing data and documentation, which can be done using digital tools. Spreadsheets are essential for data analysis, while text editors and PDF viewers are needed for reviewing and creating reports. A web browser is necessary for accessing online resources or databases. The required materials include text and data files to simulate real-world scenarios. This setup allows for a practical exam that effectively evaluates the candidate's ability to perform the task remotely.",Not Required,Required,Required,Required,Not Required,Required,Not Required,,,Required,Required,Not Required,Not Required,Not Required,Not Required,,,"['Spreadsheets', 'Text editor', 'PDF viewer', 'Web Browser']","['Text', 'Data']","['Spreadsheets', 'Text editor', 'PDF viewer', 'Web Browser']","['Text', 'Data']"
